8.670000000000000000e+02 6.900000000000000000e+01
8.670000000000000000e+02 6.900000000000000000e+01
8.690000000000000000e+02 7.300000000000000000e+01
8.690000000000000000e+02 7.300000000000000000e+01
8.690000000000000000e+02 7.400000000000000000e+01
8.690000000000000000e+02 7.400000000000000000e+01
8.690000000000000000e+02 7.400000000000000000e+01
8.690000000000000000e+02 7.400000000000000000e+01
8.690000000000000000e+02 7.400000000000000000e+01
8.690000000000000000e+02 7.400000000000000000e+01
8.690000000000000000e+02 7.500000000000000000e+01
8.700000000000000000e+02 7.500000000000000000e+01
8.690000000000000000e+02 7.600000000000000000e+01
8.690000000000000000e+02 7.600000000000000000e+01
8.690000000000000000e+02 7.600000000000000000e+01
8.700000000000000000e+02 7.600000000000000000e+01
8.700000000000000000e+02 7.600000000000000000e+01
8.690000000000000000e+02 7.600000000000000000e+01
8.700000000000000000e+02 7.600000000000000000e+01
8.700000000000000000e+02 7.700000000000000000e+01
8.700000000000000000e+02 7.700000000000000000e+01
8.700000000000000000e+02 7.800000000000000000e+01
8.700000000000000000e+02 7.800000000000000000e+01
8.700000000000000000e+02 7.800000000000000000e+01
8.700000000000000000e+02 7.800000000000000000e+01
8.700000000000000000e+02 7.800000000000000000e+01
8.710000000000000000e+02 7.800000000000000000e+01
8.710000000000000000e+02 7.800000000000000000e+01
8.710000000000000000e+02 7.900000000000000000e+01
8.710000000000000000e+02 7.900000000000000000e+01
8.710000000000000000e+02 8.000000000000000000e+01
8.710000000000000000e+02 8.000000000000000000e+01
8.710000000000000000e+02 8.000000000000000000e+01
8.710000000000000000e+02 8.000000000000000000e+01
8.720000000000000000e+02 8.000000000000000000e+01
8.720000000000000000e+02 8.000000000000000000e+01
8.720000000000000000e+02 8.000000000000000000e+01
8.720000000000000000e+02 8.100000000000000000e+01
8.720000000000000000e+02 8.100000000000000000e+01
8.720000000000000000e+02 8.200000000000000000e+01
8.730000000000000000e+02 8.200000000000000000e+01
8.730000000000000000e+02 8.200000000000000000e+01
8.730000000000000000e+02 8.200000000000000000e+01
8.730000000000000000e+02 8.200000000000000000e+01
8.740000000000000000e+02 8.200000000000000000e+01
8.740000000000000000e+02 8.200000000000000000e+01
8.740000000000000000e+02 8.300000000000000000e+01
8.740000000000000000e+02 8.300000000000000000e+01
8.750000000000000000e+02 8.300000000000000000e+01
8.750000000000000000e+02 8.400000000000000000e+01
8.750000000000000000e+02 8.400000000000000000e+01
8.760000000000000000e+02 8.400000000000000000e+01
8.760000000000000000e+02 8.400000000000000000e+01
8.760000000000000000e+02 8.400000000000000000e+01
8.770000000000000000e+02 8.400000000000000000e+01
8.770000000000000000e+02 8.400000000000000000e+01
8.770000000000000000e+02 8.500000000000000000e+01
8.770000000000000000e+02 8.500000000000000000e+01
8.780000000000000000e+02 8.500000000000000000e+01
8.780000000000000000e+02 8.500000000000000000e+01
8.790000000000000000e+02 8.500000000000000000e+01
8.790000000000000000e+02 8.500000000000000000e+01
8.790000000000000000e+02 8.500000000000000000e+01
8.800000000000000000e+02 8.500000000000000000e+01
8.800000000000000000e+02 8.600000000000000000e+01
8.800000000000000000e+02 8.600000000000000000e+01
8.810000000000000000e+02 8.700000000000000000e+01
8.810000000000000000e+02 8.700000000000000000e+01
8.820000000000000000e+02 8.700000000000000000e+01
8.820000000000000000e+02 8.700000000000000000e+01
8.820000000000000000e+02 8.700000000000000000e+01
8.830000000000000000e+02 8.700000000000000000e+01
8.830000000000000000e+02 8.700000000000000000e+01
8.830000000000000000e+02 8.700000000000000000e+01
8.840000000000000000e+02 8.700000000000000000e+01
8.840000000000000000e+02 8.800000000000000000e+01
8.850000000000000000e+02 8.800000000000000000e+01
8.850000000000000000e+02 8.800000000000000000e+01
8.850000000000000000e+02 8.800000000000000000e+01
8.860000000000000000e+02 8.800000000000000000e+01
8.860000000000000000e+02 8.800000000000000000e+01
8.870000000000000000e+02 8.800000000000000000e+01
8.870000000000000000e+02 8.800000000000000000e+01
8.870000000000000000e+02 8.900000000000000000e+01
8.880000000000000000e+02 8.900000000000000000e+01
8.880000000000000000e+02 8.900000000000000000e+01
8.890000000000000000e+02 8.900000000000000000e+01
8.890000000000000000e+02 8.900000000000000000e+01
8.890000000000000000e+02 8.900000000000000000e+01
8.890000000000000000e+02 8.900000000000000000e+01
8.890000000000000000e+02 8.900000000000000000e+01
8.900000000000000000e+02 8.900000000000000000e+01
8.900000000000000000e+02 8.900000000000000000e+01
8.910000000000000000e+02 8.900000000000000000e+01
8.910000000000000000e+02 8.900000000000000000e+01
8.920000000000000000e+02 8.900000000000000000e+01
8.930000000000000000e+02 8.900000000000000000e+01
8.930000000000000000e+02 8.900000000000000000e+01
8.940000000000000000e+02 8.900000000000000000e+01
8.940000000000000000e+02 9.000000000000000000e+01
8.950000000000000000e+02 9.000000000000000000e+01
8.950000000000000000e+02 9.000000000000000000e+01
8.950000000000000000e+02 9.000000000000000000e+01
8.960000000000000000e+02 9.000000000000000000e+01
8.960000000000000000e+02 9.100000000000000000e+01
8.960000000000000000e+02 9.000000000000000000e+01
8.960000000000000000e+02 9.100000000000000000e+01
8.970000000000000000e+02 9.100000000000000000e+01
8.980000000000000000e+02 9.000000000000000000e+01
8.980000000000000000e+02 9.000000000000000000e+01
8.990000000000000000e+02 9.000000000000000000e+01
8.990000000000000000e+02 9.100000000000000000e+01
8.990000000000000000e+02 9.100000000000000000e+01
8.990000000000000000e+02 9.100000000000000000e+01
9.000000000000000000e+02 9.100000000000000000e+01
9.000000000000000000e+02 9.100000000000000000e+01
9.010000000000000000e+02 9.100000000000000000e+01
9.010000000000000000e+02 9.100000000000000000e+01
9.010000000000000000e+02 9.100000000000000000e+01
9.010000000000000000e+02 9.100000000000000000e+01
9.020000000000000000e+02 9.100000000000000000e+01
9.020000000000000000e+02 9.100000000000000000e+01
9.020000000000000000e+02 9.200000000000000000e+01
9.020000000000000000e+02 9.200000000000000000e+01
9.020000000000000000e+02 9.200000000000000000e+01
9.020000000000000000e+02 9.200000000000000000e+01
9.030000000000000000e+02 9.200000000000000000e+01
9.030000000000000000e+02 9.200000000000000000e+01
9.030000000000000000e+02 9.200000000000000000e+01
9.040000000000000000e+02 9.200000000000000000e+01
9.050000000000000000e+02 9.200000000000000000e+01
9.050000000000000000e+02 9.200000000000000000e+01
9.050000000000000000e+02 9.200000000000000000e+01
9.050000000000000000e+02 9.200000000000000000e+01
9.060000000000000000e+02 9.200000000000000000e+01
9.060000000000000000e+02 9.300000000000000000e+01
9.060000000000000000e+02 9.300000000000000000e+01
9.070000000000000000e+02 9.300000000000000000e+01
9.070000000000000000e+02 9.300000000000000000e+01
9.070000000000000000e+02 9.300000000000000000e+01
9.080000000000000000e+02 9.300000000000000000e+01
9.080000000000000000e+02 9.300000000000000000e+01
9.080000000000000000e+02 9.300000000000000000e+01
9.080000000000000000e+02 9.300000000000000000e+01
9.080000000000000000e+02 9.300000000000000000e+01
9.080000000000000000e+02 9.300000000000000000e+01
9.090000000000000000e+02 9.400000000000000000e+01
9.090000000000000000e+02 9.400000000000000000e+01
9.090000000000000000e+02 9.400000000000000000e+01
9.090000000000000000e+02 9.400000000000000000e+01
9.100000000000000000e+02 9.400000000000000000e+01
9.100000000000000000e+02 9.400000000000000000e+01
9.100000000000000000e+02 9.400000000000000000e+01
9.100000000000000000e+02 9.400000000000000000e+01
9.100000000000000000e+02 9.400000000000000000e+01
9.100000000000000000e+02 9.400000000000000000e+01
9.100000000000000000e+02 9.400000000000000000e+01
9.110000000000000000e+02 9.300000000000000000e+01
9.110000000000000000e+02 9.500000000000000000e+01
9.120000000000000000e+02 9.500000000000000000e+01
9.120000000000000000e+02 9.400000000000000000e+01
9.120000000000000000e+02 9.400000000000000000e+01
9.120000000000000000e+02 9.400000000000000000e+01
9.120000000000000000e+02 9.400000000000000000e+01
9.130000000000000000e+02 9.400000000000000000e+01
9.130000000000000000e+02 9.400000000000000000e+01
9.130000000000000000e+02 9.400000000000000000e+01
9.140000000000000000e+02 9.400000000000000000e+01
9.140000000000000000e+02 9.400000000000000000e+01
9.140000000000000000e+02 9.600000000000000000e+01
9.140000000000000000e+02 9.600000000000000000e+01
9.150000000000000000e+02 9.600000000000000000e+01
9.150000000000000000e+02 9.600000000000000000e+01
9.150000000000000000e+02 9.600000000000000000e+01
9.160000000000000000e+02 9.600000000000000000e+01
9.160000000000000000e+02 9.700000000000000000e+01
9.160000000000000000e+02 9.700000000000000000e+01
9.160000000000000000e+02 9.700000000000000000e+01
9.170000000000000000e+02 9.700000000000000000e+01
9.170000000000000000e+02 9.700000000000000000e+01
9.170000000000000000e+02 9.700000000000000000e+01
9.170000000000000000e+02 9.700000000000000000e+01
9.170000000000000000e+02 9.700000000000000000e+01
9.180000000000000000e+02 9.700000000000000000e+01
9.180000000000000000e+02 9.800000000000000000e+01
9.180000000000000000e+02 9.800000000000000000e+01
9.190000000000000000e+02 9.800000000000000000e+01
9.190000000000000000e+02 9.800000000000000000e+01
9.190000000000000000e+02 9.900000000000000000e+01
9.190000000000000000e+02 9.900000000000000000e+01
9.200000000000000000e+02 9.900000000000000000e+01
9.200000000000000000e+02 9.900000000000000000e+01
9.200000000000000000e+02 9.900000000000000000e+01
9.210000000000000000e+02 9.900000000000000000e+01
9.210000000000000000e+02 9.900000000000000000e+01
9.210000000000000000e+02 9.900000000000000000e+01
9.220000000000000000e+02 9.900000000000000000e+01
9.220000000000000000e+02 9.900000000000000000e+01
9.220000000000000000e+02 9.900000000000000000e+01
9.220000000000000000e+02 9.900000000000000000e+01
9.230000000000000000e+02 1.000000000000000000e+02
9.230000000000000000e+02 1.000000000000000000e+02
9.240000000000000000e+02 1.000000000000000000e+02
9.240000000000000000e+02 1.000000000000000000e+02
9.240000000000000000e+02 1.000000000000000000e+02
9.250000000000000000e+02 1.000000000000000000e+02
9.250000000000000000e+02 1.010000000000000000e+02
9.260000000000000000e+02 1.010000000000000000e+02
9.260000000000000000e+02 1.010000000000000000e+02
9.270000000000000000e+02 1.010000000000000000e+02
9.270000000000000000e+02 1.010000000000000000e+02
9.280000000000000000e+02 1.010000000000000000e+02
9.280000000000000000e+02 1.010000000000000000e+02
9.280000000000000000e+02 1.010000000000000000e+02
9.290000000000000000e+02 1.010000000000000000e+02
9.280000000000000000e+02 1.020000000000000000e+02
9.280000000000000000e+02 1.020000000000000000e+02
9.300000000000000000e+02 1.020000000000000000e+02
9.300000000000000000e+02 1.020000000000000000e+02
9.310000000000000000e+02 1.020000000000000000e+02
9.310000000000000000e+02 1.020000000000000000e+02
9.310000000000000000e+02 1.020000000000000000e+02
9.310000000000000000e+02 1.020000000000000000e+02
9.320000000000000000e+02 1.030000000000000000e+02
9.320000000000000000e+02 1.030000000000000000e+02
9.320000000000000000e+02 1.030000000000000000e+02
9.330000000000000000e+02 1.030000000000000000e+02
9.330000000000000000e+02 1.040000000000000000e+02
9.330000000000000000e+02 1.040000000000000000e+02
9.340000000000000000e+02 1.040000000000000000e+02
9.340000000000000000e+02 1.040000000000000000e+02
9.340000000000000000e+02 1.040000000000000000e+02
9.340000000000000000e+02 1.040000000000000000e+02
9.350000000000000000e+02 1.040000000000000000e+02
9.350000000000000000e+02 1.050000000000000000e+02
9.360000000000000000e+02 1.040000000000000000e+02
9.360000000000000000e+02 1.050000000000000000e+02
9.360000000000000000e+02 1.050000000000000000e+02
9.370000000000000000e+02 1.060000000000000000e+02
9.370000000000000000e+02 1.060000000000000000e+02
9.370000000000000000e+02 1.050000000000000000e+02
9.380000000000000000e+02 1.070000000000000000e+02
9.390000000000000000e+02 1.070000000000000000e+02
9.390000000000000000e+02 1.070000000000000000e+02
9.390000000000000000e+02 1.070000000000000000e+02
9.390000000000000000e+02 1.050000000000000000e+02
9.400000000000000000e+02 1.070000000000000000e+02
9.400000000000000000e+02 1.080000000000000000e+02
9.400000000000000000e+02 1.080000000000000000e+02
9.410000000000000000e+02 1.070000000000000000e+02
9.420000000000000000e+02 1.070000000000000000e+02
9.420000000000000000e+02 1.090000000000000000e+02
9.420000000000000000e+02 1.090000000000000000e+02
9.430000000000000000e+02 1.100000000000000000e+02
9.440000000000000000e+02 1.100000000000000000e+02
9.450000000000000000e+02 1.100000000000000000e+02
9.460000000000000000e+02 1.110000000000000000e+02
9.470000000000000000e+02 1.100000000000000000e+02
9.480000000000000000e+02 1.110000000000000000e+02
9.490000000000000000e+02 1.100000000000000000e+02
9.500000000000000000e+02 1.100000000000000000e+02
9.510000000000000000e+02 1.100000000000000000e+02
9.520000000000000000e+02 1.100000000000000000e+02
9.520000000000000000e+02 1.100000000000000000e+02
9.530000000000000000e+02 1.100000000000000000e+02
9.540000000000000000e+02 1.100000000000000000e+02
9.540000000000000000e+02 1.100000000000000000e+02
9.550000000000000000e+02 1.110000000000000000e+02
9.560000000000000000e+02 1.110000000000000000e+02
9.560000000000000000e+02 1.110000000000000000e+02
9.570000000000000000e+02 1.110000000000000000e+02
9.570000000000000000e+02 1.110000000000000000e+02
9.580000000000000000e+02 1.110000000000000000e+02
9.590000000000000000e+02 1.100000000000000000e+02
9.610000000000000000e+02 1.100000000000000000e+02
9.610000000000000000e+02 1.090000000000000000e+02
9.620000000000000000e+02 1.090000000000000000e+02
9.630000000000000000e+02 1.090000000000000000e+02
9.640000000000000000e+02 1.080000000000000000e+02
9.640000000000000000e+02 1.080000000000000000e+02
9.650000000000000000e+02 1.080000000000000000e+02
9.650000000000000000e+02 1.100000000000000000e+02
9.660000000000000000e+02 1.090000000000000000e+02
9.670000000000000000e+02 1.090000000000000000e+02
9.670000000000000000e+02 1.080000000000000000e+02
9.680000000000000000e+02 1.080000000000000000e+02
9.680000000000000000e+02 1.080000000000000000e+02
9.670000000000000000e+02 1.080000000000000000e+02
9.700000000000000000e+02 1.080000000000000000e+02
9.700000000000000000e+02 1.070000000000000000e+02
9.700000000000000000e+02 1.060000000000000000e+02
9.700000000000000000e+02 1.060000000000000000e+02
9.700000000000000000e+02 1.060000000000000000e+02
9.700000000000000000e+02 1.060000000000000000e+02
9.700000000000000000e+02 1.060000000000000000e+02
9.700000000000000000e+02 1.050000000000000000e+02
9.700000000000000000e+02 1.050000000000000000e+02
9.710000000000000000e+02 1.040000000000000000e+02
9.710000000000000000e+02 1.040000000000000000e+02
9.710000000000000000e+02 1.030000000000000000e+02
9.710000000000000000e+02 1.030000000000000000e+02
9.710000000000000000e+02 1.030000000000000000e+02
9.710000000000000000e+02 1.020000000000000000e+02
9.710000000000000000e+02 1.020000000000000000e+02
9.710000000000000000e+02 1.020000000000000000e+02
9.710000000000000000e+02 1.020000000000000000e+02
9.720000000000000000e+02 1.030000000000000000e+02
9.720000000000000000e+02 1.010000000000000000e+02
9.720000000000000000e+02 1.000000000000000000e+02
9.720000000000000000e+02 1.000000000000000000e+02
9.720000000000000000e+02 9.900000000000000000e+01
9.720000000000000000e+02 9.900000000000000000e+01
9.710000000000000000e+02 9.900000000000000000e+01
9.710000000000000000e+02 9.900000000000000000e+01
9.710000000000000000e+02 1.000000000000000000e+02
9.710000000000000000e+02 9.800000000000000000e+01
9.710000000000000000e+02 9.700000000000000000e+01
9.710000000000000000e+02 9.700000000000000000e+01
9.710000000000000000e+02 9.600000000000000000e+01
9.710000000000000000e+02 9.600000000000000000e+01
9.710000000000000000e+02 9.600000000000000000e+01
9.710000000000000000e+02 9.600000000000000000e+01
9.710000000000000000e+02 9.600000000000000000e+01
9.710000000000000000e+02 9.600000000000000000e+01
9.710000000000000000e+02 9.600000000000000000e+01
9.710000000000000000e+02 9.600000000000000000e+01
9.710000000000000000e+02 9.500000000000000000e+01
9.710000000000000000e+02 9.500000000000000000e+01
9.710000000000000000e+02 9.300000000000000000e+01
9.710000000000000000e+02 9.300000000000000000e+01
9.710000000000000000e+02 9.200000000000000000e+01
9.700000000000000000e+02 9.200000000000000000e+01
9.690000000000000000e+02 9.200000000000000000e+01
9.690000000000000000e+02 9.100000000000000000e+01
9.690000000000000000e+02 9.100000000000000000e+01
9.690000000000000000e+02 9.000000000000000000e+01
9.690000000000000000e+02 9.000000000000000000e+01
9.680000000000000000e+02 8.900000000000000000e+01
9.680000000000000000e+02 9.000000000000000000e+01
9.680000000000000000e+02 9.000000000000000000e+01
9.680000000000000000e+02 8.900000000000000000e+01
9.680000000000000000e+02 8.900000000000000000e+01
9.680000000000000000e+02 8.800000000000000000e+01
9.680000000000000000e+02 8.800000000000000000e+01
9.680000000000000000e+02 8.700000000000000000e+01
9.680000000000000000e+02 8.700000000000000000e+01
9.680000000000000000e+02 8.700000000000000000e+01
9.680000000000000000e+02 8.700000000000000000e+01
9.670000000000000000e+02 8.700000000000000000e+01
9.670000000000000000e+02 8.700000000000000000e+01
9.670000000000000000e+02 8.600000000000000000e+01
9.670000000000000000e+02 8.600000000000000000e+01
9.670000000000000000e+02 8.600000000000000000e+01
9.660000000000000000e+02 8.500000000000000000e+01
9.660000000000000000e+02 8.500000000000000000e+01
9.660000000000000000e+02 8.500000000000000000e+01
9.660000000000000000e+02 8.500000000000000000e+01
9.660000000000000000e+02 8.600000000000000000e+01
9.660000000000000000e+02 8.400000000000000000e+01
9.660000000000000000e+02 8.500000000000000000e+01
9.660000000000000000e+02 8.300000000000000000e+01
9.660000000000000000e+02 8.400000000000000000e+01
9.650000000000000000e+02 8.200000000000000000e+01
9.650000000000000000e+02 8.200000000000000000e+01
9.650000000000000000e+02 8.400000000000000000e+01
9.640000000000000000e+02 8.200000000000000000e+01
9.640000000000000000e+02 8.200000000000000000e+01
9.630000000000000000e+02 8.200000000000000000e+01
9.630000000000000000e+02 8.100000000000000000e+01
9.630000000000000000e+02 8.100000000000000000e+01
9.620000000000000000e+02 8.000000000000000000e+01
9.620000000000000000e+02 8.000000000000000000e+01
9.620000000000000000e+02 8.000000000000000000e+01
9.610000000000000000e+02 8.000000000000000000e+01
9.610000000000000000e+02 8.000000000000000000e+01
9.610000000000000000e+02 8.000000000000000000e+01
9.610000000000000000e+02 8.100000000000000000e+01
9.610000000000000000e+02 8.100000000000000000e+01
9.610000000000000000e+02 8.000000000000000000e+01
9.600000000000000000e+02 7.800000000000000000e+01
9.600000000000000000e+02 7.800000000000000000e+01
9.600000000000000000e+02 7.800000000000000000e+01
9.590000000000000000e+02 7.800000000000000000e+01
9.590000000000000000e+02 7.800000000000000000e+01
9.590000000000000000e+02 7.800000000000000000e+01
9.580000000000000000e+02 7.800000000000000000e+01
9.580000000000000000e+02 7.700000000000000000e+01
9.570000000000000000e+02 7.700000000000000000e+01
9.570000000000000000e+02 7.800000000000000000e+01
9.560000000000000000e+02 7.800000000000000000e+01
9.560000000000000000e+02 7.600000000000000000e+01
9.560000000000000000e+02 7.600000000000000000e+01
9.560000000000000000e+02 7.600000000000000000e+01
9.550000000000000000e+02 7.600000000000000000e+01
9.550000000000000000e+02 7.600000000000000000e+01
9.550000000000000000e+02 7.600000000000000000e+01
9.540000000000000000e+02 7.500000000000000000e+01
9.540000000000000000e+02 7.500000000000000000e+01
9.540000000000000000e+02 7.500000000000000000e+01
9.540000000000000000e+02 7.400000000000000000e+01
9.540000000000000000e+02 7.400000000000000000e+01
9.530000000000000000e+02 7.400000000000000000e+01
9.530000000000000000e+02 7.400000000000000000e+01
9.520000000000000000e+02 7.400000000000000000e+01
9.520000000000000000e+02 7.400000000000000000e+01
9.520000000000000000e+02 7.300000000000000000e+01
9.510000000000000000e+02 7.300000000000000000e+01
9.510000000000000000e+02 7.300000000000000000e+01
9.510000000000000000e+02 7.300000000000000000e+01
9.500000000000000000e+02 7.400000000000000000e+01
9.500000000000000000e+02 7.400000000000000000e+01
9.500000000000000000e+02 7.200000000000000000e+01
9.500000000000000000e+02 7.200000000000000000e+01
9.500000000000000000e+02 7.200000000000000000e+01
9.490000000000000000e+02 7.100000000000000000e+01
9.490000000000000000e+02 7.100000000000000000e+01
9.490000000000000000e+02 7.100000000000000000e+01
9.490000000000000000e+02 7.100000000000000000e+01
9.480000000000000000e+02 7.100000000000000000e+01
9.480000000000000000e+02 7.100000000000000000e+01
9.470000000000000000e+02 7.000000000000000000e+01
9.470000000000000000e+02 7.000000000000000000e+01
9.460000000000000000e+02 7.000000000000000000e+01
9.460000000000000000e+02 6.900000000000000000e+01
9.460000000000000000e+02 6.900000000000000000e+01
9.460000000000000000e+02 6.900000000000000000e+01
9.450000000000000000e+02 6.900000000000000000e+01
9.450000000000000000e+02 6.900000000000000000e+01
9.450000000000000000e+02 7.000000000000000000e+01
9.440000000000000000e+02 6.800000000000000000e+01
9.440000000000000000e+02 6.800000000000000000e+01
9.430000000000000000e+02 6.800000000000000000e+01
9.430000000000000000e+02 6.700000000000000000e+01
9.420000000000000000e+02 6.700000000000000000e+01
9.420000000000000000e+02 6.800000000000000000e+01
9.410000000000000000e+02 6.900000000000000000e+01
9.400000000000000000e+02 6.700000000000000000e+01
9.390000000000000000e+02 6.700000000000000000e+01
9.390000000000000000e+02 6.800000000000000000e+01
9.380000000000000000e+02 6.600000000000000000e+01
9.370000000000000000e+02 6.600000000000000000e+01
9.370000000000000000e+02 6.600000000000000000e+01
9.360000000000000000e+02 6.600000000000000000e+01
9.360000000000000000e+02 6.700000000000000000e+01
9.350000000000000000e+02 6.700000000000000000e+01
9.340000000000000000e+02 6.600000000000000000e+01
9.330000000000000000e+02 6.600000000000000000e+01
9.320000000000000000e+02 6.600000000000000000e+01
9.310000000000000000e+02 6.600000000000000000e+01
9.300000000000000000e+02 6.600000000000000000e+01
9.290000000000000000e+02 6.500000000000000000e+01
9.280000000000000000e+02 6.500000000000000000e+01
9.270000000000000000e+02 6.500000000000000000e+01
9.260000000000000000e+02 6.500000000000000000e+01
9.250000000000000000e+02 6.500000000000000000e+01
9.240000000000000000e+02 6.500000000000000000e+01
9.230000000000000000e+02 6.500000000000000000e+01
9.220000000000000000e+02 6.500000000000000000e+01
9.210000000000000000e+02 6.400000000000000000e+01
9.200000000000000000e+02 6.400000000000000000e+01
9.190000000000000000e+02 6.400000000000000000e+01
9.180000000000000000e+02 6.400000000000000000e+01
9.170000000000000000e+02 6.400000000000000000e+01
9.160000000000000000e+02 6.400000000000000000e+01
9.150000000000000000e+02 6.400000000000000000e+01
9.130000000000000000e+02 6.400000000000000000e+01
9.120000000000000000e+02 6.400000000000000000e+01
9.110000000000000000e+02 6.300000000000000000e+01
9.100000000000000000e+02 6.300000000000000000e+01
9.090000000000000000e+02 6.300000000000000000e+01
9.080000000000000000e+02 6.300000000000000000e+01
9.070000000000000000e+02 6.200000000000000000e+01
9.060000000000000000e+02 6.400000000000000000e+01
9.050000000000000000e+02 6.400000000000000000e+01
9.030000000000000000e+02 6.300000000000000000e+01
9.020000000000000000e+02 6.300000000000000000e+01
9.010000000000000000e+02 6.300000000000000000e+01
9.000000000000000000e+02 6.400000000000000000e+01
8.990000000000000000e+02 6.400000000000000000e+01
8.980000000000000000e+02 6.400000000000000000e+01
8.970000000000000000e+02 6.300000000000000000e+01
8.960000000000000000e+02 6.300000000000000000e+01
8.950000000000000000e+02 6.200000000000000000e+01
8.940000000000000000e+02 6.300000000000000000e+01
8.930000000000000000e+02 6.300000000000000000e+01
8.920000000000000000e+02 6.400000000000000000e+01
8.910000000000000000e+02 6.400000000000000000e+01
8.890000000000000000e+02 6.400000000000000000e+01
8.870000000000000000e+02 6.500000000000000000e+01
8.860000000000000000e+02 6.500000000000000000e+01
8.850000000000000000e+02 6.500000000000000000e+01
8.850000000000000000e+02 6.500000000000000000e+01
8.840000000000000000e+02 6.600000000000000000e+01
8.830000000000000000e+02 6.500000000000000000e+01
8.820000000000000000e+02 6.500000000000000000e+01
8.810000000000000000e+02 6.500000000000000000e+01
8.800000000000000000e+02 6.500000000000000000e+01
8.790000000000000000e+02 6.500000000000000000e+01
8.780000000000000000e+02 6.600000000000000000e+01
8.770000000000000000e+02 6.600000000000000000e+01
8.770000000000000000e+02 6.600000000000000000e+01
8.770000000000000000e+02 6.600000000000000000e+01
8.760000000000000000e+02 6.600000000000000000e+01
8.760000000000000000e+02 6.600000000000000000e+01
8.750000000000000000e+02 6.700000000000000000e+01
8.740000000000000000e+02 6.700000000000000000e+01
8.730000000000000000e+02 6.700000000000000000e+01
8.720000000000000000e+02 6.700000000000000000e+01
8.720000000000000000e+02 6.800000000000000000e+01
8.720000000000000000e+02 6.800000000000000000e+01
8.720000000000000000e+02 6.800000000000000000e+01
8.710000000000000000e+02 6.800000000000000000e+01
8.710000000000000000e+02 6.800000000000000000e+01
8.710000000000000000e+02 6.800000000000000000e+01
8.710000000000000000e+02 6.900000000000000000e+01
8.700000000000000000e+02 6.900000000000000000e+01
8.700000000000000000e+02 6.900000000000000000e+01
8.700000000000000000e+02 7.000000000000000000e+01
8.700000000000000000e+02 7.000000000000000000e+01
8.700000000000000000e+02 7.000000000000000000e+01
8.700000000000000000e+02 7.000000000000000000e+01
8.710000000000000000e+02 7.000000000000000000e+01
8.710000000000000000e+02 7.100000000000000000e+01
8.710000000000000000e+02 7.100000000000000000e+01
8.710000000000000000e+02 7.100000000000000000e+01
8.710000000000000000e+02 7.200000000000000000e+01
8.710000000000000000e+02 7.200000000000000000e+01
8.710000000000000000e+02 7.200000000000000000e+01
8.710000000000000000e+02 7.200000000000000000e+01
8.720000000000000000e+02 7.200000000000000000e+01
8.730000000000000000e+02 7.200000000000000000e+01
8.730000000000000000e+02 7.300000000000000000e+01
8.740000000000000000e+02 7.300000000000000000e+01
8.740000000000000000e+02 7.300000000000000000e+01
8.750000000000000000e+02 7.300000000000000000e+01
8.750000000000000000e+02 7.300000000000000000e+01
8.750000000000000000e+02 7.300000000000000000e+01
8.750000000000000000e+02 7.300000000000000000e+01
8.760000000000000000e+02 7.400000000000000000e+01
8.760000000000000000e+02 7.400000000000000000e+01
8.770000000000000000e+02 7.400000000000000000e+01
8.780000000000000000e+02 7.500000000000000000e+01
8.790000000000000000e+02 7.500000000000000000e+01
8.800000000000000000e+02 7.500000000000000000e+01
8.800000000000000000e+02 7.500000000000000000e+01
8.810000000000000000e+02 7.500000000000000000e+01
8.820000000000000000e+02 7.500000000000000000e+01
8.830000000000000000e+02 7.500000000000000000e+01
8.840000000000000000e+02 7.600000000000000000e+01
8.850000000000000000e+02 7.600000000000000000e+01
8.860000000000000000e+02 7.700000000000000000e+01
8.870000000000000000e+02 7.700000000000000000e+01
8.870000000000000000e+02 7.600000000000000000e+01
8.870000000000000000e+02 7.600000000000000000e+01
8.880000000000000000e+02 7.600000000000000000e+01
8.880000000000000000e+02 7.700000000000000000e+01
8.890000000000000000e+02 7.700000000000000000e+01
8.900000000000000000e+02 7.700000000000000000e+01
8.910000000000000000e+02 7.800000000000000000e+01
8.930000000000000000e+02 7.800000000000000000e+01
8.940000000000000000e+02 7.800000000000000000e+01
8.950000000000000000e+02 7.800000000000000000e+01
8.950000000000000000e+02 7.800000000000000000e+01
8.960000000000000000e+02 7.800000000000000000e+01
8.970000000000000000e+02 7.800000000000000000e+01
8.980000000000000000e+02 7.900000000000000000e+01
8.990000000000000000e+02 7.900000000000000000e+01
9.000000000000000000e+02 7.900000000000000000e+01
9.010000000000000000e+02 7.900000000000000000e+01
9.020000000000000000e+02 7.900000000000000000e+01
9.020000000000000000e+02 7.900000000000000000e+01
9.030000000000000000e+02 7.900000000000000000e+01
9.030000000000000000e+02 7.900000000000000000e+01
9.040000000000000000e+02 8.000000000000000000e+01
9.050000000000000000e+02 8.000000000000000000e+01
9.060000000000000000e+02 8.000000000000000000e+01
9.080000000000000000e+02 8.100000000000000000e+01
9.090000000000000000e+02 8.100000000000000000e+01
9.100000000000000000e+02 8.000000000000000000e+01
9.110000000000000000e+02 8.000000000000000000e+01
9.120000000000000000e+02 8.000000000000000000e+01
9.120000000000000000e+02 8.100000000000000000e+01
9.130000000000000000e+02 8.100000000000000000e+01
9.140000000000000000e+02 8.100000000000000000e+01
9.160000000000000000e+02 8.200000000000000000e+01
9.160000000000000000e+02 8.200000000000000000e+01
9.150000000000000000e+02 8.200000000000000000e+01
9.180000000000000000e+02 8.200000000000000000e+01
9.190000000000000000e+02 8.200000000000000000e+01
9.190000000000000000e+02 8.200000000000000000e+01
9.200000000000000000e+02 8.200000000000000000e+01
9.200000000000000000e+02 8.200000000000000000e+01
9.210000000000000000e+02 8.300000000000000000e+01
9.220000000000000000e+02 8.300000000000000000e+01
9.210000000000000000e+02 8.300000000000000000e+01
9.240000000000000000e+02 8.300000000000000000e+01
9.250000000000000000e+02 8.300000000000000000e+01
9.250000000000000000e+02 8.300000000000000000e+01
9.260000000000000000e+02 8.300000000000000000e+01
9.270000000000000000e+02 8.300000000000000000e+01
9.270000000000000000e+02 8.400000000000000000e+01
9.280000000000000000e+02 8.400000000000000000e+01
9.290000000000000000e+02 8.500000000000000000e+01
9.290000000000000000e+02 8.500000000000000000e+01
9.300000000000000000e+02 8.500000000000000000e+01
9.310000000000000000e+02 8.500000000000000000e+01
9.310000000000000000e+02 8.500000000000000000e+01
9.320000000000000000e+02 8.500000000000000000e+01
9.320000000000000000e+02 8.500000000000000000e+01
9.320000000000000000e+02 8.500000000000000000e+01
9.330000000000000000e+02 8.500000000000000000e+01
9.340000000000000000e+02 8.400000000000000000e+01
9.340000000000000000e+02 8.600000000000000000e+01
9.350000000000000000e+02 8.600000000000000000e+01
9.370000000000000000e+02 8.600000000000000000e+01
9.370000000000000000e+02 8.600000000000000000e+01
9.370000000000000000e+02 8.600000000000000000e+01
9.380000000000000000e+02 8.600000000000000000e+01
9.380000000000000000e+02 8.600000000000000000e+01
9.380000000000000000e+02 8.500000000000000000e+01
9.390000000000000000e+02 8.500000000000000000e+01
9.410000000000000000e+02 8.700000000000000000e+01
9.410000000000000000e+02 8.500000000000000000e+01
9.420000000000000000e+02 8.700000000000000000e+01
9.420000000000000000e+02 8.600000000000000000e+01
9.430000000000000000e+02 8.600000000000000000e+01
9.430000000000000000e+02 8.700000000000000000e+01
9.430000000000000000e+02 8.700000000000000000e+01
9.430000000000000000e+02 8.800000000000000000e+01
9.440000000000000000e+02 8.800000000000000000e+01
9.450000000000000000e+02 8.600000000000000000e+01
9.470000000000000000e+02 8.600000000000000000e+01
9.480000000000000000e+02 8.600000000000000000e+01
9.480000000000000000e+02 8.600000000000000000e+01
9.490000000000000000e+02 8.600000000000000000e+01
9.490000000000000000e+02 8.600000000000000000e+01
9.490000000000000000e+02 8.600000000000000000e+01
9.500000000000000000e+02 8.800000000000000000e+01
9.510000000000000000e+02 8.600000000000000000e+01
9.520000000000000000e+02 8.800000000000000000e+01
9.530000000000000000e+02 8.800000000000000000e+01
9.540000000000000000e+02 8.600000000000000000e+01
9.550000000000000000e+02 8.600000000000000000e+01
9.550000000000000000e+02 8.600000000000000000e+01
9.550000000000000000e+02 8.600000000000000000e+01
9.550000000000000000e+02 8.600000000000000000e+01
9.560000000000000000e+02 8.600000000000000000e+01
9.560000000000000000e+02 8.600000000000000000e+01
9.570000000000000000e+02 8.600000000000000000e+01
9.580000000000000000e+02 8.600000000000000000e+01
9.590000000000000000e+02 8.600000000000000000e+01
9.600000000000000000e+02 8.600000000000000000e+01
9.600000000000000000e+02 8.600000000000000000e+01
9.600000000000000000e+02 8.600000000000000000e+01
9.600000000000000000e+02 8.600000000000000000e+01
9.600000000000000000e+02 8.600000000000000000e+01
9.610000000000000000e+02 8.600000000000000000e+01
9.610000000000000000e+02 8.600000000000000000e+01
9.620000000000000000e+02 8.600000000000000000e+01
9.630000000000000000e+02 8.600000000000000000e+01
9.640000000000000000e+02 8.600000000000000000e+01
9.650000000000000000e+02 8.600000000000000000e+01
9.650000000000000000e+02 8.600000000000000000e+01
9.660000000000000000e+02 8.600000000000000000e+01
9.660000000000000000e+02 8.600000000000000000e+01
9.660000000000000000e+02 8.600000000000000000e+01
9.660000000000000000e+02 8.600000000000000000e+01
9.660000000000000000e+02 8.600000000000000000e+01
9.670000000000000000e+02 8.600000000000000000e+01
9.670000000000000000e+02 8.600000000000000000e+01
9.680000000000000000e+02 8.600000000000000000e+01
9.690000000000000000e+02 8.600000000000000000e+01
9.700000000000000000e+02 8.600000000000000000e+01
9.710000000000000000e+02 8.600000000000000000e+01
9.710000000000000000e+02 8.600000000000000000e+01
9.710000000000000000e+02 8.600000000000000000e+01
9.710000000000000000e+02 8.600000000000000000e+01
9.710000000000000000e+02 8.600000000000000000e+01
9.710000000000000000e+02 8.600000000000000000e+01
9.720000000000000000e+02 8.600000000000000000e+01
9.720000000000000000e+02 8.600000000000000000e+01
9.730000000000000000e+02 8.600000000000000000e+01
9.730000000000000000e+02 8.600000000000000000e+01
9.730000000000000000e+02 8.600000000000000000e+01
9.730000000000000000e+02 8.600000000000000000e+01
9.730000000000000000e+02 8.600000000000000000e+01
9.740000000000000000e+02 8.500000000000000000e+01
9.740000000000000000e+02 8.500000000000000000e+01
9.740000000000000000e+02 8.500000000000000000e+01
9.740000000000000000e+02 8.500000000000000000e+01
9.750000000000000000e+02 8.500000000000000000e+01
9.750000000000000000e+02 8.500000000000000000e+01
9.750000000000000000e+02 8.500000000000000000e+01
9.750000000000000000e+02 8.500000000000000000e+01
9.650000000000000000e+02 8.200000000000000000e+01
9.670000000000000000e+02 8.200000000000000000e+01
9.670000000000000000e+02 8.200000000000000000e+01
9.670000000000000000e+02 8.200000000000000000e+01
9.690000000000000000e+02 8.100000000000000000e+01
9.690000000000000000e+02 8.100000000000000000e+01
9.690000000000000000e+02 8.000000000000000000e+01
9.700000000000000000e+02 8.100000000000000000e+01
9.700000000000000000e+02 8.100000000000000000e+01
9.700000000000000000e+02 8.100000000000000000e+01
9.720000000000000000e+02 8.100000000000000000e+01
9.730000000000000000e+02 8.100000000000000000e+01
9.730000000000000000e+02 8.100000000000000000e+01
9.740000000000000000e+02 8.000000000000000000e+01
9.750000000000000000e+02 8.000000000000000000e+01
9.750000000000000000e+02 8.000000000000000000e+01
9.760000000000000000e+02 8.000000000000000000e+01
9.760000000000000000e+02 8.000000000000000000e+01
9.760000000000000000e+02 8.000000000000000000e+01
9.770000000000000000e+02 8.100000000000000000e+01
9.770000000000000000e+02 8.100000000000000000e+01
9.780000000000000000e+02 8.100000000000000000e+01
9.780000000000000000e+02 8.000000000000000000e+01
9.790000000000000000e+02 8.100000000000000000e+01
9.790000000000000000e+02 8.000000000000000000e+01
9.790000000000000000e+02 8.000000000000000000e+01
9.790000000000000000e+02 8.000000000000000000e+01
9.800000000000000000e+02 8.000000000000000000e+01
9.810000000000000000e+02 8.000000000000000000e+01
9.810000000000000000e+02 7.900000000000000000e+01
9.810000000000000000e+02 8.000000000000000000e+01
9.810000000000000000e+02 8.000000000000000000e+01
9.810000000000000000e+02 8.000000000000000000e+01
9.810000000000000000e+02 8.000000000000000000e+01
9.810000000000000000e+02 8.000000000000000000e+01
9.820000000000000000e+02 8.000000000000000000e+01
9.820000000000000000e+02 7.900000000000000000e+01
9.830000000000000000e+02 7.900000000000000000e+01
9.830000000000000000e+02 7.900000000000000000e+01
9.830000000000000000e+02 7.900000000000000000e+01
9.830000000000000000e+02 7.900000000000000000e+01
9.840000000000000000e+02 7.900000000000000000e+01
9.840000000000000000e+02 7.900000000000000000e+01
9.830000000000000000e+02 7.900000000000000000e+01
9.840000000000000000e+02 7.900000000000000000e+01
9.850000000000000000e+02 7.900000000000000000e+01
9.850000000000000000e+02 7.900000000000000000e+01
9.850000000000000000e+02 7.900000000000000000e+01
9.850000000000000000e+02 7.900000000000000000e+01
9.850000000000000000e+02 7.900000000000000000e+01
9.850000000000000000e+02 7.900000000000000000e+01
9.860000000000000000e+02 7.900000000000000000e+01
9.860000000000000000e+02 7.900000000000000000e+01
9.860000000000000000e+02 7.900000000000000000e+01
9.860000000000000000e+02 7.800000000000000000e+01
9.860000000000000000e+02 7.800000000000000000e+01
9.860000000000000000e+02 7.800000000000000000e+01
9.860000000000000000e+02 7.800000000000000000e+01
9.860000000000000000e+02 7.800000000000000000e+01
9.860000000000000000e+02 7.800000000000000000e+01
9.860000000000000000e+02 7.800000000000000000e+01
9.870000000000000000e+02 7.800000000000000000e+01
9.870000000000000000e+02 7.800000000000000000e+01
9.870000000000000000e+02 7.800000000000000000e+01
9.860000000000000000e+02 7.800000000000000000e+01
9.860000000000000000e+02 7.800000000000000000e+01
9.860000000000000000e+02 7.800000000000000000e+01
9.860000000000000000e+02 7.800000000000000000e+01
9.860000000000000000e+02 7.800000000000000000e+01
9.850000000000000000e+02 7.800000000000000000e+01
9.850000000000000000e+02 7.800000000000000000e+01
9.850000000000000000e+02 7.800000000000000000e+01
9.850000000000000000e+02 7.800000000000000000e+01
9.840000000000000000e+02 7.800000000000000000e+01
9.840000000000000000e+02 7.800000000000000000e+01
9.840000000000000000e+02 7.800000000000000000e+01
9.840000000000000000e+02 7.900000000000000000e+01
9.840000000000000000e+02 7.900000000000000000e+01
9.840000000000000000e+02 7.900000000000000000e+01
9.840000000000000000e+02 7.900000000000000000e+01
9.840000000000000000e+02 7.900000000000000000e+01
9.830000000000000000e+02 7.900000000000000000e+01
9.830000000000000000e+02 7.900000000000000000e+01
9.830000000000000000e+02 7.900000000000000000e+01
9.830000000000000000e+02 7.900000000000000000e+01
9.830000000000000000e+02 7.900000000000000000e+01
9.830000000000000000e+02 7.900000000000000000e+01
9.830000000000000000e+02 7.900000000000000000e+01
9.830000000000000000e+02 8.000000000000000000e+01
9.830000000000000000e+02 8.000000000000000000e+01
9.830000000000000000e+02 8.000000000000000000e+01
9.830000000000000000e+02 8.000000000000000000e+01
9.920000000000000000e+02 8.600000000000000000e+01
9.830000000000000000e+02 8.000000000000000000e+01
9.830000000000000000e+02 8.000000000000000000e+01
9.820000000000000000e+02 8.000000000000000000e+01
9.820000000000000000e+02 8.000000000000000000e+01
9.820000000000000000e+02 8.000000000000000000e+01
9.820000000000000000e+02 8.200000000000000000e+01
9.820000000000000000e+02 8.000000000000000000e+01
9.820000000000000000e+02 8.000000000000000000e+01
9.820000000000000000e+02 8.000000000000000000e+01
9.810000000000000000e+02 8.100000000000000000e+01
9.820000000000000000e+02 8.200000000000000000e+01
9.810000000000000000e+02 8.300000000000000000e+01
9.810000000000000000e+02 8.300000000000000000e+01
9.800000000000000000e+02 8.300000000000000000e+01
9.910000000000000000e+02 8.800000000000000000e+01
9.800000000000000000e+02 8.300000000000000000e+01
9.800000000000000000e+02 8.300000000000000000e+01
9.800000000000000000e+02 8.300000000000000000e+01
9.800000000000000000e+02 8.300000000000000000e+01
9.800000000000000000e+02 8.300000000000000000e+01
9.800000000000000000e+02 8.300000000000000000e+01
9.790000000000000000e+02 8.300000000000000000e+01
9.900000000000000000e+02 8.800000000000000000e+01
9.900000000000000000e+02 8.800000000000000000e+01
9.900000000000000000e+02 8.800000000000000000e+01
9.890000000000000000e+02 8.800000000000000000e+01
9.890000000000000000e+02 8.900000000000000000e+01
9.890000000000000000e+02 8.900000000000000000e+01
9.880000000000000000e+02 8.800000000000000000e+01
9.890000000000000000e+02 8.900000000000000000e+01
9.760000000000000000e+02 8.300000000000000000e+01
9.880000000000000000e+02 9.000000000000000000e+01
9.750000000000000000e+02 8.300000000000000000e+01
9.870000000000000000e+02 9.000000000000000000e+01
9.870000000000000000e+02 9.000000000000000000e+01
9.870000000000000000e+02 9.000000000000000000e+01
9.880000000000000000e+02 9.000000000000000000e+01
9.870000000000000000e+02 9.000000000000000000e+01
9.870000000000000000e+02 9.000000000000000000e+01
9.870000000000000000e+02 9.000000000000000000e+01
9.870000000000000000e+02 9.100000000000000000e+01
9.870000000000000000e+02 9.100000000000000000e+01
9.870000000000000000e+02 9.100000000000000000e+01
9.870000000000000000e+02 9.100000000000000000e+01
9.860000000000000000e+02 9.200000000000000000e+01
9.860000000000000000e+02 9.200000000000000000e+01
9.850000000000000000e+02 9.200000000000000000e+01
9.850000000000000000e+02 9.200000000000000000e+01
9.850000000000000000e+02 9.200000000000000000e+01
9.840000000000000000e+02 9.200000000000000000e+01
9.840000000000000000e+02 9.200000000000000000e+01
9.830000000000000000e+02 9.200000000000000000e+01
9.830000000000000000e+02 9.100000000000000000e+01
9.830000000000000000e+02 9.100000000000000000e+01
9.820000000000000000e+02 9.300000000000000000e+01
9.820000000000000000e+02 9.200000000000000000e+01
9.810000000000000000e+02 9.200000000000000000e+01
9.810000000000000000e+02 9.200000000000000000e+01
9.800000000000000000e+02 9.200000000000000000e+01
9.800000000000000000e+02 9.200000000000000000e+01
9.790000000000000000e+02 9.400000000000000000e+01
9.830000000000000000e+02 9.200000000000000000e+01
9.830000000000000000e+02 9.200000000000000000e+01
9.830000000000000000e+02 9.200000000000000000e+01
9.780000000000000000e+02 9.400000000000000000e+01
9.780000000000000000e+02 9.400000000000000000e+01
9.770000000000000000e+02 9.400000000000000000e+01
9.770000000000000000e+02 9.400000000000000000e+01
9.770000000000000000e+02 9.500000000000000000e+01
9.820000000000000000e+02 9.500000000000000000e+01
9.820000000000000000e+02 9.500000000000000000e+01
9.810000000000000000e+02 9.500000000000000000e+01
9.750000000000000000e+02 9.500000000000000000e+01
9.740000000000000000e+02 9.500000000000000000e+01
9.740000000000000000e+02 9.500000000000000000e+01
9.730000000000000000e+02 9.600000000000000000e+01
9.730000000000000000e+02 9.600000000000000000e+01
9.800000000000000000e+02 9.600000000000000000e+01
9.790000000000000000e+02 9.600000000000000000e+01
9.710000000000000000e+02 9.700000000000000000e+01
9.710000000000000000e+02 9.700000000000000000e+01
9.710000000000000000e+02 9.700000000000000000e+01
9.700000000000000000e+02 9.700000000000000000e+01
9.700000000000000000e+02 9.700000000000000000e+01
9.790000000000000000e+02 9.700000000000000000e+01
9.780000000000000000e+02 9.700000000000000000e+01
9.780000000000000000e+02 9.700000000000000000e+01
9.780000000000000000e+02 9.800000000000000000e+01
9.680000000000000000e+02 9.800000000000000000e+01
9.670000000000000000e+02 9.800000000000000000e+01
9.680000000000000000e+02 9.800000000000000000e+01
9.670000000000000000e+02 9.900000000000000000e+01
9.670000000000000000e+02 9.900000000000000000e+01
9.670000000000000000e+02 9.900000000000000000e+01
9.770000000000000000e+02 9.900000000000000000e+01
9.770000000000000000e+02 9.900000000000000000e+01
9.760000000000000000e+02 1.000000000000000000e+02
9.760000000000000000e+02 1.000000000000000000e+02
9.760000000000000000e+02 1.000000000000000000e+02
9.750000000000000000e+02 1.000000000000000000e+02
9.750000000000000000e+02 1.000000000000000000e+02
9.750000000000000000e+02 9.900000000000000000e+01
9.750000000000000000e+02 9.900000000000000000e+01
9.750000000000000000e+02 9.900000000000000000e+01
9.750000000000000000e+02 9.900000000000000000e+01
9.750000000000000000e+02 1.000000000000000000e+02
9.740000000000000000e+02 1.020000000000000000e+02
9.740000000000000000e+02 1.000000000000000000e+02
9.730000000000000000e+02 1.000000000000000000e+02
9.730000000000000000e+02 1.000000000000000000e+02
9.740000000000000000e+02 1.000000000000000000e+02
9.730000000000000000e+02 1.000000000000000000e+02
9.730000000000000000e+02 1.000000000000000000e+02
9.730000000000000000e+02 1.010000000000000000e+02
9.730000000000000000e+02 1.010000000000000000e+02
9.730000000000000000e+02 1.010000000000000000e+02
9.730000000000000000e+02 1.020000000000000000e+02
9.720000000000000000e+02 1.020000000000000000e+02
9.720000000000000000e+02 1.020000000000000000e+02
9.720000000000000000e+02 1.020000000000000000e+02
9.710000000000000000e+02 1.020000000000000000e+02
9.710000000000000000e+02 1.020000000000000000e+02
9.710000000000000000e+02 1.020000000000000000e+02
9.710000000000000000e+02 1.010000000000000000e+02
9.710000000000000000e+02 1.010000000000000000e+02
9.710000000000000000e+02 1.010000000000000000e+02
9.700000000000000000e+02 1.030000000000000000e+02
9.700000000000000000e+02 1.030000000000000000e+02
9.700000000000000000e+02 1.030000000000000000e+02
9.700000000000000000e+02 1.040000000000000000e+02
9.700000000000000000e+02 1.040000000000000000e+02
9.700000000000000000e+02 1.040000000000000000e+02
9.700000000000000000e+02 1.040000000000000000e+02
9.700000000000000000e+02 1.040000000000000000e+02
9.700000000000000000e+02 1.040000000000000000e+02
9.680000000000000000e+02 1.040000000000000000e+02
9.680000000000000000e+02 1.050000000000000000e+02
9.680000000000000000e+02 1.050000000000000000e+02
9.680000000000000000e+02 1.050000000000000000e+02
9.680000000000000000e+02 1.060000000000000000e+02
9.670000000000000000e+02 1.060000000000000000e+02
9.670000000000000000e+02 1.060000000000000000e+02
9.670000000000000000e+02 1.060000000000000000e+02
9.660000000000000000e+02 1.060000000000000000e+02
9.660000000000000000e+02 1.060000000000000000e+02
9.650000000000000000e+02 1.060000000000000000e+02
9.650000000000000000e+02 1.060000000000000000e+02
9.650000000000000000e+02 1.070000000000000000e+02
9.650000000000000000e+02 1.070000000000000000e+02
9.640000000000000000e+02 1.090000000000000000e+02
9.640000000000000000e+02 1.090000000000000000e+02
9.640000000000000000e+02 1.080000000000000000e+02
9.640000000000000000e+02 1.080000000000000000e+02
9.630000000000000000e+02 1.080000000000000000e+02
9.630000000000000000e+02 1.080000000000000000e+02
9.640000000000000000e+02 1.100000000000000000e+02
9.630000000000000000e+02 1.100000000000000000e+02
9.630000000000000000e+02 1.090000000000000000e+02
9.630000000000000000e+02 1.090000000000000000e+02
9.630000000000000000e+02 1.090000000000000000e+02
9.630000000000000000e+02 1.110000000000000000e+02
9.630000000000000000e+02 1.110000000000000000e+02
9.630000000000000000e+02 1.100000000000000000e+02
9.630000000000000000e+02 1.120000000000000000e+02
9.620000000000000000e+02 1.120000000000000000e+02
9.620000000000000000e+02 1.110000000000000000e+02
9.620000000000000000e+02 1.110000000000000000e+02
9.610000000000000000e+02 1.110000000000000000e+02
9.610000000000000000e+02 1.110000000000000000e+02
9.610000000000000000e+02 1.110000000000000000e+02
9.610000000000000000e+02 1.120000000000000000e+02
9.600000000000000000e+02 1.120000000000000000e+02
9.600000000000000000e+02 1.120000000000000000e+02
9.600000000000000000e+02 1.130000000000000000e+02
9.440000000000000000e+02 9.900000000000000000e+01
9.600000000000000000e+02 1.130000000000000000e+02
9.600000000000000000e+02 1.130000000000000000e+02
9.600000000000000000e+02 1.130000000000000000e+02
9.600000000000000000e+02 1.140000000000000000e+02
9.590000000000000000e+02 1.140000000000000000e+02
9.590000000000000000e+02 1.140000000000000000e+02
9.590000000000000000e+02 1.140000000000000000e+02
9.590000000000000000e+02 1.140000000000000000e+02
9.590000000000000000e+02 1.140000000000000000e+02
9.590000000000000000e+02 1.150000000000000000e+02
9.590000000000000000e+02 1.150000000000000000e+02
9.590000000000000000e+02 1.160000000000000000e+02
9.590000000000000000e+02 1.160000000000000000e+02
9.580000000000000000e+02 1.160000000000000000e+02
9.580000000000000000e+02 1.160000000000000000e+02
9.580000000000000000e+02 1.160000000000000000e+02
9.580000000000000000e+02 1.160000000000000000e+02
9.570000000000000000e+02 1.160000000000000000e+02
9.570000000000000000e+02 1.170000000000000000e+02
9.570000000000000000e+02 1.170000000000000000e+02
9.570000000000000000e+02 1.170000000000000000e+02
9.570000000000000000e+02 1.170000000000000000e+02
9.570000000000000000e+02 1.200000000000000000e+02
9.560000000000000000e+02 1.180000000000000000e+02
9.560000000000000000e+02 1.200000000000000000e+02
9.560000000000000000e+02 1.200000000000000000e+02
9.560000000000000000e+02 1.210000000000000000e+02
9.560000000000000000e+02 1.190000000000000000e+02
9.420000000000000000e+02 1.020000000000000000e+02
9.420000000000000000e+02 1.020000000000000000e+02
9.550000000000000000e+02 1.190000000000000000e+02
9.420000000000000000e+02 1.030000000000000000e+02
9.420000000000000000e+02 1.030000000000000000e+02
9.420000000000000000e+02 1.030000000000000000e+02
9.420000000000000000e+02 1.030000000000000000e+02
9.420000000000000000e+02 1.030000000000000000e+02
9.420000000000000000e+02 1.030000000000000000e+02
9.550000000000000000e+02 1.210000000000000000e+02
9.540000000000000000e+02 1.230000000000000000e+02
9.420000000000000000e+02 1.210000000000000000e+02
9.420000000000000000e+02 1.210000000000000000e+02
9.420000000000000000e+02 1.210000000000000000e+02
9.420000000000000000e+02 1.220000000000000000e+02
9.420000000000000000e+02 1.220000000000000000e+02
9.430000000000000000e+02 1.220000000000000000e+02
9.430000000000000000e+02 1.040000000000000000e+02
9.430000000000000000e+02 1.230000000000000000e+02
9.430000000000000000e+02 1.230000000000000000e+02
9.430000000000000000e+02 1.240000000000000000e+02
9.420000000000000000e+02 1.040000000000000000e+02
9.430000000000000000e+02 1.240000000000000000e+02
9.430000000000000000e+02 1.240000000000000000e+02
9.430000000000000000e+02 1.240000000000000000e+02
9.430000000000000000e+02 1.250000000000000000e+02
9.420000000000000000e+02 1.250000000000000000e+02
9.420000000000000000e+02 1.250000000000000000e+02
9.420000000000000000e+02 1.250000000000000000e+02
9.420000000000000000e+02 1.260000000000000000e+02
9.420000000000000000e+02 1.260000000000000000e+02
9.420000000000000000e+02 1.260000000000000000e+02
9.410000000000000000e+02 1.260000000000000000e+02
9.410000000000000000e+02 1.270000000000000000e+02
9.410000000000000000e+02 1.270000000000000000e+02
9.410000000000000000e+02 1.270000000000000000e+02
9.410000000000000000e+02 1.270000000000000000e+02
9.410000000000000000e+02 1.270000000000000000e+02
9.410000000000000000e+02 1.270000000000000000e+02
9.400000000000000000e+02 1.270000000000000000e+02
9.400000000000000000e+02 1.270000000000000000e+02
9.400000000000000000e+02 1.280000000000000000e+02
9.400000000000000000e+02 1.280000000000000000e+02
9.400000000000000000e+02 1.280000000000000000e+02
9.400000000000000000e+02 1.280000000000000000e+02
9.400000000000000000e+02 1.280000000000000000e+02
9.400000000000000000e+02 1.280000000000000000e+02
9.400000000000000000e+02 1.280000000000000000e+02
9.390000000000000000e+02 1.290000000000000000e+02
9.390000000000000000e+02 1.290000000000000000e+02
9.390000000000000000e+02 1.290000000000000000e+02
9.390000000000000000e+02 1.290000000000000000e+02
9.390000000000000000e+02 1.290000000000000000e+02
9.390000000000000000e+02 1.300000000000000000e+02
9.390000000000000000e+02 1.300000000000000000e+02
9.390000000000000000e+02 1.300000000000000000e+02
9.390000000000000000e+02 1.300000000000000000e+02
9.390000000000000000e+02 1.300000000000000000e+02
9.390000000000000000e+02 1.300000000000000000e+02
9.390000000000000000e+02 1.300000000000000000e+02
9.390000000000000000e+02 1.310000000000000000e+02
9.390000000000000000e+02 1.310000000000000000e+02
9.390000000000000000e+02 1.310000000000000000e+02
9.390000000000000000e+02 1.310000000000000000e+02
9.390000000000000000e+02 1.320000000000000000e+02
9.390000000000000000e+02 1.320000000000000000e+02
9.380000000000000000e+02 1.320000000000000000e+02
9.380000000000000000e+02 1.320000000000000000e+02
9.390000000000000000e+02 1.320000000000000000e+02
9.390000000000000000e+02 1.320000000000000000e+02
9.390000000000000000e+02 1.320000000000000000e+02
9.390000000000000000e+02 1.330000000000000000e+02
9.390000000000000000e+02 1.330000000000000000e+02
9.380000000000000000e+02 1.330000000000000000e+02
9.380000000000000000e+02 1.330000000000000000e+02
9.380000000000000000e+02 1.330000000000000000e+02
9.380000000000000000e+02 1.330000000000000000e+02
9.380000000000000000e+02 1.330000000000000000e+02
9.380000000000000000e+02 1.340000000000000000e+02
9.380000000000000000e+02 1.340000000000000000e+02
9.380000000000000000e+02 1.340000000000000000e+02
9.380000000000000000e+02 1.340000000000000000e+02
9.380000000000000000e+02 1.340000000000000000e+02
9.380000000000000000e+02 1.340000000000000000e+02
9.380000000000000000e+02 1.340000000000000000e+02
9.370000000000000000e+02 1.340000000000000000e+02
9.370000000000000000e+02 1.350000000000000000e+02
9.370000000000000000e+02 1.350000000000000000e+02
9.370000000000000000e+02 1.350000000000000000e+02
9.370000000000000000e+02 1.350000000000000000e+02
9.370000000000000000e+02 1.350000000000000000e+02
9.370000000000000000e+02 1.350000000000000000e+02
9.370000000000000000e+02 1.350000000000000000e+02
9.370000000000000000e+02 1.350000000000000000e+02
9.370000000000000000e+02 1.360000000000000000e+02
9.370000000000000000e+02 1.360000000000000000e+02
9.370000000000000000e+02 1.360000000000000000e+02
9.360000000000000000e+02 1.360000000000000000e+02
9.360000000000000000e+02 1.360000000000000000e+02
9.360000000000000000e+02 1.360000000000000000e+02
9.360000000000000000e+02 1.360000000000000000e+02
9.360000000000000000e+02 1.360000000000000000e+02
9.360000000000000000e+02 1.370000000000000000e+02
9.360000000000000000e+02 1.370000000000000000e+02
9.360000000000000000e+02 1.370000000000000000e+02
9.360000000000000000e+02 1.370000000000000000e+02
9.360000000000000000e+02 1.370000000000000000e+02
9.360000000000000000e+02 1.370000000000000000e+02
9.360000000000000000e+02 1.370000000000000000e+02
9.350000000000000000e+02 1.370000000000000000e+02
9.350000000000000000e+02 1.370000000000000000e+02
9.350000000000000000e+02 1.370000000000000000e+02
9.360000000000000000e+02 1.370000000000000000e+02
9.360000000000000000e+02 1.370000000000000000e+02
9.360000000000000000e+02 1.370000000000000000e+02
9.360000000000000000e+02 1.370000000000000000e+02
9.360000000000000000e+02 1.370000000000000000e+02
9.360000000000000000e+02 1.370000000000000000e+02
9.360000000000000000e+02 1.370000000000000000e+02
9.360000000000000000e+02 1.370000000000000000e+02
9.360000000000000000e+02 1.370000000000000000e+02
9.360000000000000000e+02 1.370000000000000000e+02
9.360000000000000000e+02 1.370000000000000000e+02
9.360000000000000000e+02 1.370000000000000000e+02
9.360000000000000000e+02 1.370000000000000000e+02
9.360000000000000000e+02 1.370000000000000000e+02
9.360000000000000000e+02 1.370000000000000000e+02
9.360000000000000000e+02 1.370000000000000000e+02
9.340000000000000000e+02 1.370000000000000000e+02
9.340000000000000000e+02 1.370000000000000000e+02
9.340000000000000000e+02 1.370000000000000000e+02
9.340000000000000000e+02 1.370000000000000000e+02
9.340000000000000000e+02 1.370000000000000000e+02
9.340000000000000000e+02 1.370000000000000000e+02
9.360000000000000000e+02 1.370000000000000000e+02
9.360000000000000000e+02 1.370000000000000000e+02
9.350000000000000000e+02 1.370000000000000000e+02
9.350000000000000000e+02 1.380000000000000000e+02
9.350000000000000000e+02 1.380000000000000000e+02
9.350000000000000000e+02 1.380000000000000000e+02
9.350000000000000000e+02 1.380000000000000000e+02
9.350000000000000000e+02 1.380000000000000000e+02
9.340000000000000000e+02 1.380000000000000000e+02
9.340000000000000000e+02 1.380000000000000000e+02
9.340000000000000000e+02 1.390000000000000000e+02
9.330000000000000000e+02 1.390000000000000000e+02
9.330000000000000000e+02 1.390000000000000000e+02
9.330000000000000000e+02 1.390000000000000000e+02
9.320000000000000000e+02 1.390000000000000000e+02
9.320000000000000000e+02 1.390000000000000000e+02
9.320000000000000000e+02 1.390000000000000000e+02
9.310000000000000000e+02 1.390000000000000000e+02
9.310000000000000000e+02 1.390000000000000000e+02
9.310000000000000000e+02 1.390000000000000000e+02
9.310000000000000000e+02 1.400000000000000000e+02
9.310000000000000000e+02 1.400000000000000000e+02
9.310000000000000000e+02 1.400000000000000000e+02
9.310000000000000000e+02 1.400000000000000000e+02
9.310000000000000000e+02 1.400000000000000000e+02
9.310000000000000000e+02 1.400000000000000000e+02
9.310000000000000000e+02 1.410000000000000000e+02
9.310000000000000000e+02 1.410000000000000000e+02
9.310000000000000000e+02 1.410000000000000000e+02
9.310000000000000000e+02 1.410000000000000000e+02
9.310000000000000000e+02 1.410000000000000000e+02
9.310000000000000000e+02 1.410000000000000000e+02
9.310000000000000000e+02 1.420000000000000000e+02
9.310000000000000000e+02 1.420000000000000000e+02
9.310000000000000000e+02 1.420000000000000000e+02
9.310000000000000000e+02 1.420000000000000000e+02
9.300000000000000000e+02 1.420000000000000000e+02
9.300000000000000000e+02 1.420000000000000000e+02
9.300000000000000000e+02 1.420000000000000000e+02
9.300000000000000000e+02 1.430000000000000000e+02
9.290000000000000000e+02 1.430000000000000000e+02
9.290000000000000000e+02 1.430000000000000000e+02
9.290000000000000000e+02 1.430000000000000000e+02
9.290000000000000000e+02 1.430000000000000000e+02
9.290000000000000000e+02 1.430000000000000000e+02
9.290000000000000000e+02 1.430000000000000000e+02
9.280000000000000000e+02 1.440000000000000000e+02
9.280000000000000000e+02 1.440000000000000000e+02
9.280000000000000000e+02 1.440000000000000000e+02
9.280000000000000000e+02 1.440000000000000000e+02
9.280000000000000000e+02 1.440000000000000000e+02
9.280000000000000000e+02 1.440000000000000000e+02
9.270000000000000000e+02 1.450000000000000000e+02
9.270000000000000000e+02 1.450000000000000000e+02
9.270000000000000000e+02 1.450000000000000000e+02
9.270000000000000000e+02 1.450000000000000000e+02
9.270000000000000000e+02 1.450000000000000000e+02
9.270000000000000000e+02 1.450000000000000000e+02
9.270000000000000000e+02 1.450000000000000000e+02
9.270000000000000000e+02 1.450000000000000000e+02
9.260000000000000000e+02 1.450000000000000000e+02
9.260000000000000000e+02 1.460000000000000000e+02
9.250000000000000000e+02 1.460000000000000000e+02
9.240000000000000000e+02 1.460000000000000000e+02
9.240000000000000000e+02 1.460000000000000000e+02
9.240000000000000000e+02 1.460000000000000000e+02
9.220000000000000000e+02 1.460000000000000000e+02
9.210000000000000000e+02 1.460000000000000000e+02
9.210000000000000000e+02 1.460000000000000000e+02
9.200000000000000000e+02 1.470000000000000000e+02
9.200000000000000000e+02 1.470000000000000000e+02
9.210000000000000000e+02 1.470000000000000000e+02
9.210000000000000000e+02 1.470000000000000000e+02
9.210000000000000000e+02 1.470000000000000000e+02
9.200000000000000000e+02 1.470000000000000000e+02
9.190000000000000000e+02 1.470000000000000000e+02
9.190000000000000000e+02 1.470000000000000000e+02
9.180000000000000000e+02 1.470000000000000000e+02
9.180000000000000000e+02 1.470000000000000000e+02
9.170000000000000000e+02 1.470000000000000000e+02
9.170000000000000000e+02 1.470000000000000000e+02
9.170000000000000000e+02 1.470000000000000000e+02
9.160000000000000000e+02 1.470000000000000000e+02
9.160000000000000000e+02 1.470000000000000000e+02
9.160000000000000000e+02 1.470000000000000000e+02
9.150000000000000000e+02 1.470000000000000000e+02
9.150000000000000000e+02 1.470000000000000000e+02
9.150000000000000000e+02 1.470000000000000000e+02
9.140000000000000000e+02 1.470000000000000000e+02
9.130000000000000000e+02 1.470000000000000000e+02
9.130000000000000000e+02 1.470000000000000000e+02
9.110000000000000000e+02 1.460000000000000000e+02
9.120000000000000000e+02 1.470000000000000000e+02
9.120000000000000000e+02 1.470000000000000000e+02
9.110000000000000000e+02 1.470000000000000000e+02
9.110000000000000000e+02 1.470000000000000000e+02
9.110000000000000000e+02 1.470000000000000000e+02
9.110000000000000000e+02 1.470000000000000000e+02
9.110000000000000000e+02 1.470000000000000000e+02
9.100000000000000000e+02 1.470000000000000000e+02
9.100000000000000000e+02 1.470000000000000000e+02
9.100000000000000000e+02 1.470000000000000000e+02
9.090000000000000000e+02 1.480000000000000000e+02
9.090000000000000000e+02 1.480000000000000000e+02
9.090000000000000000e+02 1.480000000000000000e+02
9.080000000000000000e+02 1.480000000000000000e+02
9.080000000000000000e+02 1.470000000000000000e+02
9.080000000000000000e+02 1.470000000000000000e+02
9.070000000000000000e+02 1.480000000000000000e+02
9.070000000000000000e+02 1.480000000000000000e+02
9.070000000000000000e+02 1.480000000000000000e+02
9.070000000000000000e+02 1.480000000000000000e+02
9.060000000000000000e+02 1.480000000000000000e+02
9.060000000000000000e+02 1.480000000000000000e+02
9.060000000000000000e+02 1.480000000000000000e+02
9.050000000000000000e+02 1.480000000000000000e+02
9.050000000000000000e+02 1.480000000000000000e+02
9.050000000000000000e+02 1.480000000000000000e+02
9.040000000000000000e+02 1.480000000000000000e+02
9.040000000000000000e+02 1.480000000000000000e+02
9.040000000000000000e+02 1.480000000000000000e+02
9.040000000000000000e+02 1.480000000000000000e+02
9.030000000000000000e+02 1.480000000000000000e+02
9.020000000000000000e+02 1.480000000000000000e+02
9.020000000000000000e+02 1.480000000000000000e+02
9.010000000000000000e+02 1.480000000000000000e+02
9.020000000000000000e+02 1.480000000000000000e+02
9.020000000000000000e+02 1.480000000000000000e+02
9.020000000000000000e+02 1.480000000000000000e+02
9.010000000000000000e+02 1.480000000000000000e+02
9.010000000000000000e+02 1.480000000000000000e+02
9.010000000000000000e+02 1.480000000000000000e+02
9.000000000000000000e+02 1.480000000000000000e+02
9.000000000000000000e+02 1.480000000000000000e+02
9.000000000000000000e+02 1.480000000000000000e+02
9.000000000000000000e+02 1.490000000000000000e+02
8.990000000000000000e+02 1.490000000000000000e+02
8.990000000000000000e+02 1.490000000000000000e+02
8.990000000000000000e+02 1.490000000000000000e+02
8.990000000000000000e+02 1.490000000000000000e+02
8.980000000000000000e+02 1.490000000000000000e+02
8.980000000000000000e+02 1.490000000000000000e+02
8.980000000000000000e+02 1.490000000000000000e+02
8.980000000000000000e+02 1.490000000000000000e+02
8.980000000000000000e+02 1.490000000000000000e+02
8.970000000000000000e+02 1.490000000000000000e+02
8.950000000000000000e+02 1.490000000000000000e+02
8.950000000000000000e+02 1.490000000000000000e+02
8.950000000000000000e+02 1.490000000000000000e+02
8.950000000000000000e+02 1.490000000000000000e+02
8.950000000000000000e+02 1.490000000000000000e+02
8.950000000000000000e+02 1.490000000000000000e+02
8.940000000000000000e+02 1.490000000000000000e+02
8.940000000000000000e+02 1.490000000000000000e+02
8.940000000000000000e+02 1.490000000000000000e+02
8.940000000000000000e+02 1.490000000000000000e+02
8.930000000000000000e+02 1.490000000000000000e+02
8.930000000000000000e+02 1.490000000000000000e+02
8.920000000000000000e+02 1.490000000000000000e+02
8.910000000000000000e+02 1.500000000000000000e+02
8.900000000000000000e+02 1.500000000000000000e+02
8.900000000000000000e+02 1.500000000000000000e+02
8.900000000000000000e+02 1.500000000000000000e+02
8.890000000000000000e+02 1.500000000000000000e+02
8.890000000000000000e+02 1.500000000000000000e+02
8.870000000000000000e+02 1.500000000000000000e+02
8.890000000000000000e+02 1.510000000000000000e+02
8.890000000000000000e+02 1.510000000000000000e+02
8.870000000000000000e+02 1.500000000000000000e+02
8.870000000000000000e+02 1.510000000000000000e+02
8.880000000000000000e+02 1.510000000000000000e+02
8.870000000000000000e+02 1.510000000000000000e+02
8.870000000000000000e+02 1.510000000000000000e+02
8.860000000000000000e+02 1.510000000000000000e+02
8.850000000000000000e+02 1.510000000000000000e+02
8.840000000000000000e+02 1.510000000000000000e+02
8.840000000000000000e+02 1.510000000000000000e+02
8.830000000000000000e+02 1.510000000000000000e+02
8.830000000000000000e+02 1.510000000000000000e+02
8.830000000000000000e+02 1.510000000000000000e+02
8.820000000000000000e+02 1.510000000000000000e+02
8.820000000000000000e+02 1.510000000000000000e+02
8.820000000000000000e+02 1.510000000000000000e+02
8.810000000000000000e+02 1.510000000000000000e+02
8.810000000000000000e+02 1.510000000000000000e+02
8.810000000000000000e+02 1.510000000000000000e+02
8.790000000000000000e+02 1.510000000000000000e+02
8.790000000000000000e+02 1.510000000000000000e+02
8.790000000000000000e+02 1.520000000000000000e+02
8.780000000000000000e+02 1.520000000000000000e+02
8.770000000000000000e+02 1.520000000000000000e+02
8.770000000000000000e+02 1.520000000000000000e+02
8.750000000000000000e+02 1.530000000000000000e+02
8.750000000000000000e+02 1.530000000000000000e+02
8.750000000000000000e+02 1.530000000000000000e+02
8.750000000000000000e+02 1.530000000000000000e+02
8.750000000000000000e+02 1.530000000000000000e+02
8.750000000000000000e+02 1.530000000000000000e+02
8.750000000000000000e+02 1.530000000000000000e+02
8.740000000000000000e+02 1.530000000000000000e+02
8.740000000000000000e+02 1.540000000000000000e+02
8.730000000000000000e+02 1.530000000000000000e+02
8.720000000000000000e+02 1.540000000000000000e+02
8.720000000000000000e+02 1.540000000000000000e+02
8.700000000000000000e+02 1.540000000000000000e+02
8.690000000000000000e+02 1.540000000000000000e+02
8.680000000000000000e+02 1.540000000000000000e+02
8.680000000000000000e+02 1.540000000000000000e+02
8.680000000000000000e+02 1.540000000000000000e+02
8.680000000000000000e+02 1.540000000000000000e+02
8.680000000000000000e+02 1.540000000000000000e+02
8.680000000000000000e+02 1.540000000000000000e+02
8.680000000000000000e+02 1.540000000000000000e+02
8.680000000000000000e+02 1.540000000000000000e+02
8.670000000000000000e+02 1.540000000000000000e+02
8.670000000000000000e+02 1.540000000000000000e+02
8.670000000000000000e+02 1.540000000000000000e+02
8.790000000000000000e+02 1.710000000000000000e+02
8.780000000000000000e+02 1.710000000000000000e+02
8.780000000000000000e+02 1.710000000000000000e+02
8.770000000000000000e+02 1.710000000000000000e+02
8.780000000000000000e+02 1.710000000000000000e+02
8.630000000000000000e+02 1.550000000000000000e+02
8.630000000000000000e+02 1.550000000000000000e+02
8.630000000000000000e+02 1.560000000000000000e+02
8.630000000000000000e+02 1.560000000000000000e+02
8.630000000000000000e+02 1.560000000000000000e+02
8.760000000000000000e+02 1.720000000000000000e+02
8.760000000000000000e+02 1.720000000000000000e+02
8.760000000000000000e+02 1.720000000000000000e+02
8.750000000000000000e+02 1.710000000000000000e+02
8.740000000000000000e+02 1.720000000000000000e+02
8.730000000000000000e+02 1.710000000000000000e+02
8.730000000000000000e+02 1.720000000000000000e+02
8.740000000000000000e+02 1.710000000000000000e+02
8.740000000000000000e+02 1.710000000000000000e+02
8.740000000000000000e+02 1.710000000000000000e+02
8.740000000000000000e+02 1.710000000000000000e+02
8.730000000000000000e+02 1.710000000000000000e+02
8.730000000000000000e+02 1.710000000000000000e+02
8.730000000000000000e+02 1.710000000000000000e+02
8.730000000000000000e+02 1.710000000000000000e+02
8.730000000000000000e+02 1.710000000000000000e+02
8.720000000000000000e+02 1.710000000000000000e+02
8.720000000000000000e+02 1.710000000000000000e+02
8.720000000000000000e+02 1.710000000000000000e+02
8.720000000000000000e+02 1.710000000000000000e+02
8.720000000000000000e+02 1.710000000000000000e+02
8.720000000000000000e+02 1.710000000000000000e+02
8.720000000000000000e+02 1.710000000000000000e+02
8.720000000000000000e+02 1.710000000000000000e+02
8.720000000000000000e+02 1.710000000000000000e+02
8.720000000000000000e+02 1.710000000000000000e+02
8.710000000000000000e+02 1.710000000000000000e+02
8.710000000000000000e+02 1.710000000000000000e+02
8.710000000000000000e+02 1.710000000000000000e+02
8.710000000000000000e+02 1.720000000000000000e+02
8.710000000000000000e+02 1.720000000000000000e+02
8.710000000000000000e+02 1.720000000000000000e+02
8.710000000000000000e+02 1.720000000000000000e+02
8.710000000000000000e+02 1.720000000000000000e+02
8.710000000000000000e+02 1.720000000000000000e+02
8.710000000000000000e+02 1.720000000000000000e+02
8.710000000000000000e+02 1.720000000000000000e+02
8.710000000000000000e+02 1.720000000000000000e+02
8.700000000000000000e+02 1.720000000000000000e+02
8.700000000000000000e+02 1.720000000000000000e+02
8.700000000000000000e+02 1.720000000000000000e+02
8.700000000000000000e+02 1.720000000000000000e+02
8.700000000000000000e+02 1.720000000000000000e+02
8.700000000000000000e+02 1.720000000000000000e+02
8.690000000000000000e+02 1.720000000000000000e+02
8.690000000000000000e+02 1.730000000000000000e+02
8.690000000000000000e+02 1.730000000000000000e+02
8.690000000000000000e+02 1.730000000000000000e+02
8.690000000000000000e+02 1.730000000000000000e+02
8.690000000000000000e+02 1.730000000000000000e+02
8.690000000000000000e+02 1.730000000000000000e+02
8.680000000000000000e+02 1.730000000000000000e+02
8.680000000000000000e+02 1.730000000000000000e+02
8.670000000000000000e+02 1.730000000000000000e+02
8.670000000000000000e+02 1.730000000000000000e+02
8.670000000000000000e+02 1.730000000000000000e+02
8.670000000000000000e+02 1.730000000000000000e+02
8.670000000000000000e+02 1.730000000000000000e+02
8.670000000000000000e+02 1.730000000000000000e+02
8.670000000000000000e+02 1.730000000000000000e+02
8.670000000000000000e+02 1.730000000000000000e+02
8.670000000000000000e+02 1.730000000000000000e+02
8.660000000000000000e+02 1.730000000000000000e+02
8.660000000000000000e+02 1.730000000000000000e+02
8.660000000000000000e+02 1.730000000000000000e+02
8.660000000000000000e+02 1.730000000000000000e+02
8.660000000000000000e+02 1.730000000000000000e+02
8.650000000000000000e+02 1.730000000000000000e+02
8.660000000000000000e+02 1.730000000000000000e+02
8.650000000000000000e+02 1.730000000000000000e+02
8.650000000000000000e+02 1.730000000000000000e+02
8.650000000000000000e+02 1.730000000000000000e+02
8.650000000000000000e+02 1.730000000000000000e+02
8.650000000000000000e+02 1.730000000000000000e+02
8.650000000000000000e+02 1.730000000000000000e+02
8.650000000000000000e+02 1.730000000000000000e+02
8.650000000000000000e+02 1.730000000000000000e+02
8.650000000000000000e+02 1.730000000000000000e+02
8.650000000000000000e+02 1.730000000000000000e+02
8.650000000000000000e+02 1.730000000000000000e+02
8.650000000000000000e+02 1.730000000000000000e+02
8.650000000000000000e+02 1.730000000000000000e+02
8.650000000000000000e+02 1.730000000000000000e+02
8.650000000000000000e+02 1.730000000000000000e+02
8.650000000000000000e+02 1.730000000000000000e+02
8.650000000000000000e+02 1.740000000000000000e+02
8.650000000000000000e+02 1.740000000000000000e+02
8.650000000000000000e+02 1.740000000000000000e+02
8.650000000000000000e+02 1.740000000000000000e+02
8.650000000000000000e+02 1.740000000000000000e+02
8.650000000000000000e+02 1.740000000000000000e+02
8.650000000000000000e+02 1.740000000000000000e+02
8.650000000000000000e+02 1.740000000000000000e+02
8.650000000000000000e+02 1.740000000000000000e+02
8.650000000000000000e+02 1.740000000000000000e+02
8.650000000000000000e+02 1.740000000000000000e+02
8.650000000000000000e+02 1.740000000000000000e+02
8.650000000000000000e+02 1.740000000000000000e+02
8.650000000000000000e+02 1.740000000000000000e+02
8.630000000000000000e+02 1.740000000000000000e+02
8.650000000000000000e+02 1.740000000000000000e+02
8.650000000000000000e+02 1.740000000000000000e+02
8.650000000000000000e+02 1.740000000000000000e+02
8.640000000000000000e+02 1.740000000000000000e+02
8.640000000000000000e+02 1.740000000000000000e+02
8.640000000000000000e+02 1.740000000000000000e+02
8.640000000000000000e+02 1.740000000000000000e+02
8.640000000000000000e+02 1.740000000000000000e+02
8.640000000000000000e+02 1.740000000000000000e+02
8.640000000000000000e+02 1.740000000000000000e+02
8.650000000000000000e+02 1.740000000000000000e+02
8.650000000000000000e+02 1.740000000000000000e+02
8.640000000000000000e+02 1.740000000000000000e+02
8.630000000000000000e+02 1.740000000000000000e+02
8.620000000000000000e+02 1.750000000000000000e+02
8.620000000000000000e+02 1.750000000000000000e+02
8.620000000000000000e+02 1.750000000000000000e+02
8.620000000000000000e+02 1.750000000000000000e+02
8.620000000000000000e+02 1.750000000000000000e+02
8.630000000000000000e+02 1.750000000000000000e+02
8.640000000000000000e+02 1.740000000000000000e+02
8.660000000000000000e+02 1.740000000000000000e+02
8.680000000000000000e+02 1.740000000000000000e+02
8.710000000000000000e+02 1.740000000000000000e+02
8.710000000000000000e+02 1.740000000000000000e+02
8.700000000000000000e+02 1.740000000000000000e+02
8.710000000000000000e+02 1.730000000000000000e+02
8.720000000000000000e+02 1.730000000000000000e+02
8.740000000000000000e+02 1.730000000000000000e+02
8.770000000000000000e+02 1.730000000000000000e+02
8.800000000000000000e+02 1.730000000000000000e+02
8.810000000000000000e+02 1.730000000000000000e+02
8.810000000000000000e+02 1.730000000000000000e+02
8.810000000000000000e+02 1.730000000000000000e+02
8.830000000000000000e+02 1.580000000000000000e+02
8.860000000000000000e+02 1.590000000000000000e+02
8.890000000000000000e+02 1.590000000000000000e+02
8.940000000000000000e+02 1.590000000000000000e+02
8.950000000000000000e+02 1.600000000000000000e+02
8.950000000000000000e+02 1.350000000000000000e+02
9.070000000000000000e+02 1.360000000000000000e+02
9.050000000000000000e+02 1.360000000000000000e+02
9.040000000000000000e+02 1.360000000000000000e+02
9.040000000000000000e+02 1.370000000000000000e+02
9.040000000000000000e+02 1.370000000000000000e+02
9.030000000000000000e+02 1.360000000000000000e+02
9.020000000000000000e+02 1.360000000000000000e+02
9.020000000000000000e+02 1.370000000000000000e+02
9.000000000000000000e+02 1.370000000000000000e+02
9.000000000000000000e+02 1.370000000000000000e+02
8.990000000000000000e+02 1.370000000000000000e+02
8.980000000000000000e+02 1.370000000000000000e+02
8.980000000000000000e+02 1.370000000000000000e+02
8.970000000000000000e+02 1.380000000000000000e+02
8.960000000000000000e+02 1.380000000000000000e+02
8.950000000000000000e+02 1.390000000000000000e+02
8.940000000000000000e+02 1.390000000000000000e+02
8.930000000000000000e+02 1.400000000000000000e+02
8.920000000000000000e+02 1.400000000000000000e+02
8.910000000000000000e+02 1.400000000000000000e+02
8.910000000000000000e+02 1.400000000000000000e+02
8.920000000000000000e+02 1.390000000000000000e+02
8.900000000000000000e+02 1.390000000000000000e+02
8.910000000000000000e+02 1.400000000000000000e+02
8.910000000000000000e+02 1.390000000000000000e+02
8.900000000000000000e+02 1.380000000000000000e+02
8.890000000000000000e+02 1.390000000000000000e+02
8.890000000000000000e+02 1.390000000000000000e+02
8.880000000000000000e+02 1.390000000000000000e+02
8.880000000000000000e+02 1.400000000000000000e+02
8.870000000000000000e+02 1.400000000000000000e+02
8.870000000000000000e+02 1.420000000000000000e+02
8.860000000000000000e+02 1.420000000000000000e+02
8.860000000000000000e+02 1.410000000000000000e+02
8.860000000000000000e+02 1.420000000000000000e+02
8.860000000000000000e+02 1.420000000000000000e+02
8.860000000000000000e+02 1.420000000000000000e+02
8.860000000000000000e+02 1.420000000000000000e+02
8.860000000000000000e+02 1.440000000000000000e+02
8.860000000000000000e+02 1.440000000000000000e+02
8.860000000000000000e+02 1.430000000000000000e+02
8.860000000000000000e+02 1.430000000000000000e+02
8.860000000000000000e+02 1.430000000000000000e+02
8.860000000000000000e+02 1.450000000000000000e+02
8.860000000000000000e+02 1.460000000000000000e+02
8.860000000000000000e+02 1.470000000000000000e+02
8.850000000000000000e+02 1.460000000000000000e+02
8.860000000000000000e+02 1.480000000000000000e+02
8.860000000000000000e+02 1.470000000000000000e+02
8.860000000000000000e+02 1.470000000000000000e+02
8.870000000000000000e+02 1.470000000000000000e+02
8.870000000000000000e+02 1.470000000000000000e+02
8.870000000000000000e+02 1.470000000000000000e+02
8.870000000000000000e+02 1.470000000000000000e+02
8.860000000000000000e+02 1.470000000000000000e+02
8.860000000000000000e+02 1.490000000000000000e+02
8.850000000000000000e+02 1.480000000000000000e+02
8.850000000000000000e+02 1.490000000000000000e+02
8.850000000000000000e+02 1.490000000000000000e+02
8.850000000000000000e+02 1.500000000000000000e+02
8.850000000000000000e+02 1.500000000000000000e+02
8.840000000000000000e+02 1.490000000000000000e+02
8.830000000000000000e+02 1.490000000000000000e+02
8.820000000000000000e+02 1.490000000000000000e+02
8.820000000000000000e+02 1.490000000000000000e+02
8.810000000000000000e+02 1.490000000000000000e+02
8.810000000000000000e+02 1.490000000000000000e+02
8.800000000000000000e+02 1.490000000000000000e+02
8.800000000000000000e+02 1.490000000000000000e+02
8.790000000000000000e+02 1.490000000000000000e+02
8.780000000000000000e+02 1.510000000000000000e+02
8.770000000000000000e+02 1.510000000000000000e+02
8.760000000000000000e+02 1.510000000000000000e+02
8.750000000000000000e+02 1.510000000000000000e+02
8.750000000000000000e+02 1.490000000000000000e+02
8.740000000000000000e+02 1.490000000000000000e+02
8.730000000000000000e+02 1.490000000000000000e+02
8.720000000000000000e+02 1.510000000000000000e+02
8.710000000000000000e+02 1.500000000000000000e+02
8.700000000000000000e+02 1.520000000000000000e+02
8.680000000000000000e+02 1.520000000000000000e+02
8.670000000000000000e+02 1.520000000000000000e+02
8.650000000000000000e+02 1.520000000000000000e+02
8.610000000000000000e+02 1.500000000000000000e+02
8.590000000000000000e+02 1.520000000000000000e+02
8.590000000000000000e+02 1.520000000000000000e+02
8.580000000000000000e+02 1.510000000000000000e+02
8.570000000000000000e+02 1.510000000000000000e+02
8.560000000000000000e+02 1.510000000000000000e+02
8.540000000000000000e+02 1.510000000000000000e+02
8.530000000000000000e+02 1.510000000000000000e+02
8.520000000000000000e+02 1.520000000000000000e+02
8.500000000000000000e+02 1.520000000000000000e+02
8.480000000000000000e+02 1.520000000000000000e+02
8.460000000000000000e+02 1.520000000000000000e+02
8.440000000000000000e+02 1.510000000000000000e+02
8.410000000000000000e+02 1.510000000000000000e+02
8.390000000000000000e+02 1.510000000000000000e+02
8.390000000000000000e+02 1.510000000000000000e+02
8.360000000000000000e+02 1.510000000000000000e+02
8.350000000000000000e+02 1.510000000000000000e+02
8.320000000000000000e+02 1.510000000000000000e+02
8.310000000000000000e+02 1.500000000000000000e+02
8.290000000000000000e+02 1.500000000000000000e+02
8.280000000000000000e+02 1.500000000000000000e+02
8.270000000000000000e+02 1.490000000000000000e+02
8.230000000000000000e+02 1.490000000000000000e+02
8.230000000000000000e+02 1.480000000000000000e+02
8.230000000000000000e+02 1.470000000000000000e+02
8.210000000000000000e+02 1.470000000000000000e+02
8.200000000000000000e+02 1.460000000000000000e+02
8.190000000000000000e+02 1.450000000000000000e+02
8.180000000000000000e+02 1.450000000000000000e+02
8.170000000000000000e+02 1.440000000000000000e+02
8.150000000000000000e+02 1.440000000000000000e+02
8.140000000000000000e+02 1.430000000000000000e+02
8.130000000000000000e+02 1.430000000000000000e+02
8.110000000000000000e+02 1.420000000000000000e+02
8.100000000000000000e+02 1.420000000000000000e+02
8.080000000000000000e+02 1.410000000000000000e+02
8.070000000000000000e+02 1.400000000000000000e+02
8.060000000000000000e+02 1.390000000000000000e+02
8.040000000000000000e+02 1.380000000000000000e+02
8.030000000000000000e+02 1.380000000000000000e+02
8.020000000000000000e+02 1.370000000000000000e+02
8.010000000000000000e+02 1.370000000000000000e+02
8.000000000000000000e+02 1.370000000000000000e+02
7.990000000000000000e+02 1.360000000000000000e+02
7.970000000000000000e+02 1.350000000000000000e+02
7.960000000000000000e+02 1.350000000000000000e+02
7.940000000000000000e+02 1.340000000000000000e+02
7.930000000000000000e+02 1.340000000000000000e+02
7.910000000000000000e+02 1.340000000000000000e+02
7.900000000000000000e+02 1.330000000000000000e+02
7.880000000000000000e+02 1.320000000000000000e+02
7.870000000000000000e+02 1.310000000000000000e+02
7.860000000000000000e+02 1.300000000000000000e+02
7.850000000000000000e+02 1.300000000000000000e+02
7.840000000000000000e+02 1.300000000000000000e+02
7.830000000000000000e+02 1.290000000000000000e+02
7.810000000000000000e+02 1.290000000000000000e+02
7.800000000000000000e+02 1.280000000000000000e+02
7.780000000000000000e+02 1.280000000000000000e+02
7.770000000000000000e+02 1.280000000000000000e+02
7.750000000000000000e+02 1.270000000000000000e+02
7.740000000000000000e+02 1.260000000000000000e+02
7.720000000000000000e+02 1.250000000000000000e+02
7.700000000000000000e+02 1.240000000000000000e+02
7.690000000000000000e+02 1.240000000000000000e+02
7.680000000000000000e+02 1.230000000000000000e+02
7.670000000000000000e+02 1.230000000000000000e+02
7.660000000000000000e+02 1.220000000000000000e+02
7.650000000000000000e+02 1.210000000000000000e+02
7.630000000000000000e+02 1.200000000000000000e+02
7.620000000000000000e+02 1.200000000000000000e+02
7.610000000000000000e+02 1.190000000000000000e+02
7.590000000000000000e+02 1.190000000000000000e+02
7.590000000000000000e+02 1.190000000000000000e+02
7.570000000000000000e+02 1.180000000000000000e+02
7.560000000000000000e+02 1.180000000000000000e+02
7.550000000000000000e+02 1.170000000000000000e+02
7.530000000000000000e+02 1.160000000000000000e+02
7.520000000000000000e+02 1.160000000000000000e+02
7.510000000000000000e+02 1.150000000000000000e+02
7.510000000000000000e+02 1.150000000000000000e+02
7.490000000000000000e+02 1.150000000000000000e+02
7.480000000000000000e+02 1.140000000000000000e+02
7.380000000000000000e+02 1.020000000000000000e+02
7.390000000000000000e+02 1.010000000000000000e+02
7.390000000000000000e+02 1.010000000000000000e+02
7.390000000000000000e+02 1.010000000000000000e+02
7.390000000000000000e+02 1.000000000000000000e+02
7.400000000000000000e+02 9.900000000000000000e+01
7.410000000000000000e+02 9.900000000000000000e+01
7.410000000000000000e+02 9.800000000000000000e+01
7.400000000000000000e+02 9.700000000000000000e+01
7.390000000000000000e+02 9.700000000000000000e+01
7.380000000000000000e+02 9.700000000000000000e+01
7.370000000000000000e+02 9.700000000000000000e+01
7.360000000000000000e+02 1.090000000000000000e+02
7.360000000000000000e+02 1.090000000000000000e+02
7.350000000000000000e+02 1.080000000000000000e+02
7.340000000000000000e+02 1.080000000000000000e+02
7.340000000000000000e+02 1.080000000000000000e+02
7.330000000000000000e+02 1.070000000000000000e+02
7.320000000000000000e+02 1.070000000000000000e+02
7.320000000000000000e+02 1.060000000000000000e+02
7.310000000000000000e+02 1.060000000000000000e+02
7.300000000000000000e+02 1.060000000000000000e+02
7.290000000000000000e+02 1.060000000000000000e+02
7.280000000000000000e+02 1.060000000000000000e+02
7.280000000000000000e+02 1.050000000000000000e+02
7.270000000000000000e+02 1.050000000000000000e+02
7.270000000000000000e+02 1.040000000000000000e+02
7.260000000000000000e+02 1.040000000000000000e+02
7.250000000000000000e+02 1.030000000000000000e+02
7.250000000000000000e+02 1.030000000000000000e+02
7.230000000000000000e+02 1.030000000000000000e+02
7.230000000000000000e+02 1.030000000000000000e+02
7.220000000000000000e+02 1.030000000000000000e+02
7.220000000000000000e+02 1.020000000000000000e+02
7.210000000000000000e+02 1.020000000000000000e+02
7.210000000000000000e+02 1.020000000000000000e+02
7.200000000000000000e+02 1.010000000000000000e+02
7.200000000000000000e+02 1.010000000000000000e+02
7.200000000000000000e+02 1.010000000000000000e+02
7.200000000000000000e+02 1.010000000000000000e+02
7.200000000000000000e+02 1.000000000000000000e+02
7.200000000000000000e+02 9.900000000000000000e+01
7.200000000000000000e+02 9.800000000000000000e+01
7.200000000000000000e+02 9.800000000000000000e+01
7.210000000000000000e+02 9.800000000000000000e+01
7.210000000000000000e+02 9.900000000000000000e+01
7.220000000000000000e+02 9.700000000000000000e+01
7.220000000000000000e+02 9.600000000000000000e+01
7.230000000000000000e+02 9.600000000000000000e+01
7.240000000000000000e+02 9.500000000000000000e+01
7.240000000000000000e+02 9.500000000000000000e+01
7.240000000000000000e+02 9.500000000000000000e+01
7.240000000000000000e+02 9.400000000000000000e+01
7.250000000000000000e+02 9.400000000000000000e+01
7.250000000000000000e+02 9.300000000000000000e+01
7.260000000000000000e+02 9.300000000000000000e+01
7.260000000000000000e+02 9.200000000000000000e+01
7.260000000000000000e+02 9.200000000000000000e+01
7.270000000000000000e+02 9.200000000000000000e+01
7.270000000000000000e+02 9.200000000000000000e+01
7.270000000000000000e+02 9.100000000000000000e+01
7.280000000000000000e+02 9.100000000000000000e+01
7.290000000000000000e+02 9.000000000000000000e+01
7.290000000000000000e+02 9.000000000000000000e+01
7.300000000000000000e+02 9.000000000000000000e+01
7.300000000000000000e+02 9.000000000000000000e+01
7.310000000000000000e+02 9.000000000000000000e+01
7.310000000000000000e+02 9.000000000000000000e+01
7.310000000000000000e+02 8.900000000000000000e+01
7.310000000000000000e+02 8.800000000000000000e+01
7.310000000000000000e+02 8.800000000000000000e+01
7.310000000000000000e+02 8.800000000000000000e+01
7.320000000000000000e+02 8.800000000000000000e+01
7.330000000000000000e+02 8.800000000000000000e+01
7.340000000000000000e+02 8.700000000000000000e+01
7.340000000000000000e+02 8.700000000000000000e+01
7.360000000000000000e+02 8.800000000000000000e+01
7.230000000000000000e+02 7.300000000000000000e+01
7.300000000000000000e+02 7.100000000000000000e+01
7.360000000000000000e+02 6.900000000000000000e+01
7.430000000000000000e+02 6.700000000000000000e+01
7.490000000000000000e+02 6.500000000000000000e+01
7.550000000000000000e+02 6.300000000000000000e+01
7.610000000000000000e+02 6.100000000000000000e+01
7.670000000000000000e+02 5.900000000000000000e+01
7.720000000000000000e+02 5.700000000000000000e+01
7.770000000000000000e+02 5.600000000000000000e+01
7.830000000000000000e+02 5.400000000000000000e+01
7.880000000000000000e+02 5.400000000000000000e+01
7.940000000000000000e+02 5.400000000000000000e+01
7.990000000000000000e+02 5.400000000000000000e+01
8.430000000000000000e+02 5.900000000000000000e+01
8.430000000000000000e+02 5.900000000000000000e+01
8.430000000000000000e+02 5.900000000000000000e+01
8.430000000000000000e+02 6.200000000000000000e+01
8.440000000000000000e+02 6.200000000000000000e+01
8.440000000000000000e+02 6.200000000000000000e+01
8.450000000000000000e+02 6.200000000000000000e+01
8.450000000000000000e+02 6.100000000000000000e+01
8.460000000000000000e+02 6.100000000000000000e+01
8.460000000000000000e+02 6.100000000000000000e+01
8.460000000000000000e+02 6.100000000000000000e+01
8.470000000000000000e+02 6.100000000000000000e+01
8.460000000000000000e+02 6.100000000000000000e+01
8.470000000000000000e+02 6.100000000000000000e+01
8.470000000000000000e+02 6.000000000000000000e+01
8.480000000000000000e+02 6.000000000000000000e+01
8.490000000000000000e+02 6.000000000000000000e+01
8.490000000000000000e+02 6.000000000000000000e+01
8.490000000000000000e+02 6.000000000000000000e+01
8.500000000000000000e+02 6.000000000000000000e+01
8.570000000000000000e+02 6.600000000000000000e+01
8.500000000000000000e+02 6.000000000000000000e+01
8.510000000000000000e+02 6.000000000000000000e+01
8.600000000000000000e+02 6.700000000000000000e+01
8.610000000000000000e+02 6.700000000000000000e+01
8.620000000000000000e+02 6.700000000000000000e+01
8.630000000000000000e+02 6.700000000000000000e+01
8.630000000000000000e+02 6.700000000000000000e+01
8.640000000000000000e+02 6.700000000000000000e+01
8.640000000000000000e+02 6.700000000000000000e+01
8.650000000000000000e+02 6.700000000000000000e+01
8.660000000000000000e+02 6.700000000000000000e+01
8.670000000000000000e+02 6.700000000000000000e+01
8.680000000000000000e+02 6.700000000000000000e+01
8.690000000000000000e+02 6.700000000000000000e+01
8.690000000000000000e+02 6.700000000000000000e+01
8.700000000000000000e+02 6.700000000000000000e+01
8.710000000000000000e+02 6.700000000000000000e+01
8.720000000000000000e+02 6.700000000000000000e+01
8.730000000000000000e+02 6.700000000000000000e+01
8.730000000000000000e+02 6.700000000000000000e+01
8.740000000000000000e+02 6.700000000000000000e+01
8.750000000000000000e+02 6.700000000000000000e+01
8.760000000000000000e+02 6.700000000000000000e+01
8.760000000000000000e+02 6.700000000000000000e+01
8.770000000000000000e+02 6.700000000000000000e+01
8.770000000000000000e+02 6.700000000000000000e+01
8.780000000000000000e+02 6.800000000000000000e+01
8.790000000000000000e+02 6.800000000000000000e+01
8.790000000000000000e+02 6.800000000000000000e+01
8.800000000000000000e+02 6.800000000000000000e+01
8.810000000000000000e+02 6.800000000000000000e+01
8.810000000000000000e+02 6.800000000000000000e+01
8.820000000000000000e+02 6.800000000000000000e+01
8.830000000000000000e+02 6.900000000000000000e+01
8.830000000000000000e+02 6.900000000000000000e+01
8.840000000000000000e+02 6.900000000000000000e+01
8.850000000000000000e+02 6.900000000000000000e+01
8.850000000000000000e+02 6.900000000000000000e+01
8.860000000000000000e+02 6.900000000000000000e+01
8.860000000000000000e+02 6.900000000000000000e+01
8.870000000000000000e+02 6.900000000000000000e+01
8.870000000000000000e+02 7.000000000000000000e+01
8.880000000000000000e+02 7.000000000000000000e+01
8.880000000000000000e+02 7.000000000000000000e+01
8.890000000000000000e+02 7.000000000000000000e+01
8.890000000000000000e+02 7.000000000000000000e+01
8.900000000000000000e+02 7.000000000000000000e+01
8.900000000000000000e+02 7.000000000000000000e+01
8.910000000000000000e+02 7.100000000000000000e+01
8.910000000000000000e+02 7.100000000000000000e+01
8.920000000000000000e+02 7.100000000000000000e+01
8.920000000000000000e+02 7.200000000000000000e+01
8.930000000000000000e+02 7.200000000000000000e+01
8.930000000000000000e+02 7.200000000000000000e+01
8.930000000000000000e+02 7.100000000000000000e+01
8.940000000000000000e+02 7.100000000000000000e+01
8.940000000000000000e+02 7.200000000000000000e+01
8.950000000000000000e+02 7.200000000000000000e+01
8.950000000000000000e+02 7.200000000000000000e+01
8.960000000000000000e+02 7.300000000000000000e+01
8.970000000000000000e+02 7.300000000000000000e+01
8.980000000000000000e+02 7.300000000000000000e+01
8.990000000000000000e+02 7.300000000000000000e+01
8.990000000000000000e+02 7.300000000000000000e+01
9.000000000000000000e+02 7.300000000000000000e+01
9.000000000000000000e+02 7.300000000000000000e+01
9.020000000000000000e+02 7.300000000000000000e+01
9.020000000000000000e+02 7.300000000000000000e+01
9.030000000000000000e+02 7.300000000000000000e+01
9.030000000000000000e+02 7.300000000000000000e+01
9.040000000000000000e+02 7.300000000000000000e+01
9.040000000000000000e+02 7.300000000000000000e+01
9.050000000000000000e+02 7.300000000000000000e+01
9.060000000000000000e+02 7.400000000000000000e+01
9.070000000000000000e+02 7.400000000000000000e+01
9.090000000000000000e+02 7.400000000000000000e+01
9.100000000000000000e+02 7.300000000000000000e+01
9.100000000000000000e+02 7.300000000000000000e+01
9.110000000000000000e+02 7.300000000000000000e+01
9.120000000000000000e+02 7.400000000000000000e+01
9.130000000000000000e+02 7.400000000000000000e+01
9.140000000000000000e+02 7.400000000000000000e+01
