1.066000000000000000e+03 7.500000000000000000e+01
1.066000000000000000e+03 7.500000000000000000e+01
1.066000000000000000e+03 7.500000000000000000e+01
1.061000000000000000e+03 7.800000000000000000e+01
1.061000000000000000e+03 7.900000000000000000e+01
1.061000000000000000e+03 7.900000000000000000e+01
1.060000000000000000e+03 7.900000000000000000e+01
1.060000000000000000e+03 7.900000000000000000e+01
1.060000000000000000e+03 8.000000000000000000e+01
1.060000000000000000e+03 8.000000000000000000e+01
1.059000000000000000e+03 8.000000000000000000e+01
1.059000000000000000e+03 8.000000000000000000e+01
1.059000000000000000e+03 6.900000000000000000e+01
1.059000000000000000e+03 6.900000000000000000e+01
1.059000000000000000e+03 8.100000000000000000e+01
1.059000000000000000e+03 8.100000000000000000e+01
1.059000000000000000e+03 8.100000000000000000e+01
1.059000000000000000e+03 8.100000000000000000e+01
1.059000000000000000e+03 8.100000000000000000e+01
1.059000000000000000e+03 8.100000000000000000e+01
1.059000000000000000e+03 7.200000000000000000e+01
1.059000000000000000e+03 8.200000000000000000e+01
1.059000000000000000e+03 8.200000000000000000e+01
1.059000000000000000e+03 7.100000000000000000e+01
1.059000000000000000e+03 7.200000000000000000e+01
1.059000000000000000e+03 7.200000000000000000e+01
1.059000000000000000e+03 7.200000000000000000e+01
1.059000000000000000e+03 7.200000000000000000e+01
1.059000000000000000e+03 7.200000000000000000e+01
1.059000000000000000e+03 7.200000000000000000e+01
1.059000000000000000e+03 7.200000000000000000e+01
1.059000000000000000e+03 7.200000000000000000e+01
1.059000000000000000e+03 7.200000000000000000e+01
1.059000000000000000e+03 7.300000000000000000e+01
1.059000000000000000e+03 7.300000000000000000e+01
1.059000000000000000e+03 7.300000000000000000e+01
1.058000000000000000e+03 7.300000000000000000e+01
1.059000000000000000e+03 7.300000000000000000e+01
1.059000000000000000e+03 7.300000000000000000e+01
1.059000000000000000e+03 7.400000000000000000e+01
1.059000000000000000e+03 7.400000000000000000e+01
1.059000000000000000e+03 7.400000000000000000e+01
1.059000000000000000e+03 7.500000000000000000e+01
1.059000000000000000e+03 7.500000000000000000e+01
1.060000000000000000e+03 7.500000000000000000e+01
1.060000000000000000e+03 7.500000000000000000e+01
1.060000000000000000e+03 7.500000000000000000e+01
1.060000000000000000e+03 7.500000000000000000e+01
1.059000000000000000e+03 7.500000000000000000e+01
1.060000000000000000e+03 7.600000000000000000e+01
1.060000000000000000e+03 7.600000000000000000e+01
1.060000000000000000e+03 7.600000000000000000e+01
1.060000000000000000e+03 7.600000000000000000e+01
1.060000000000000000e+03 7.600000000000000000e+01
1.060000000000000000e+03 7.700000000000000000e+01
1.060000000000000000e+03 7.700000000000000000e+01
1.061000000000000000e+03 7.600000000000000000e+01
1.061000000000000000e+03 7.700000000000000000e+01
1.061000000000000000e+03 7.700000000000000000e+01
1.062000000000000000e+03 7.800000000000000000e+01
1.062000000000000000e+03 7.800000000000000000e+01
1.063000000000000000e+03 7.800000000000000000e+01
1.063000000000000000e+03 7.800000000000000000e+01
1.063000000000000000e+03 7.800000000000000000e+01
1.063000000000000000e+03 7.800000000000000000e+01
1.063000000000000000e+03 7.800000000000000000e+01
1.063000000000000000e+03 7.900000000000000000e+01
1.063000000000000000e+03 7.900000000000000000e+01
1.063000000000000000e+03 8.000000000000000000e+01
1.063000000000000000e+03 8.000000000000000000e+01
1.072000000000000000e+03 8.000000000000000000e+01
1.073000000000000000e+03 8.000000000000000000e+01
1.064000000000000000e+03 8.000000000000000000e+01
1.073000000000000000e+03 8.000000000000000000e+01
1.073000000000000000e+03 8.000000000000000000e+01
1.074000000000000000e+03 8.100000000000000000e+01
1.074000000000000000e+03 8.100000000000000000e+01
1.074000000000000000e+03 8.200000000000000000e+01
1.075000000000000000e+03 8.200000000000000000e+01
1.075000000000000000e+03 8.200000000000000000e+01
1.075000000000000000e+03 8.200000000000000000e+01
1.076000000000000000e+03 8.200000000000000000e+01
1.077000000000000000e+03 8.200000000000000000e+01
1.077000000000000000e+03 8.300000000000000000e+01
1.077000000000000000e+03 8.300000000000000000e+01
1.078000000000000000e+03 8.400000000000000000e+01
1.078000000000000000e+03 8.300000000000000000e+01
1.078000000000000000e+03 8.400000000000000000e+01
1.078000000000000000e+03 8.400000000000000000e+01
1.078000000000000000e+03 8.400000000000000000e+01
1.078000000000000000e+03 8.400000000000000000e+01
1.079000000000000000e+03 8.400000000000000000e+01
1.080000000000000000e+03 8.400000000000000000e+01
1.080000000000000000e+03 8.500000000000000000e+01
1.093000000000000000e+03 1.090000000000000000e+02
1.093000000000000000e+03 1.100000000000000000e+02
1.093000000000000000e+03 1.100000000000000000e+02
1.093000000000000000e+03 1.110000000000000000e+02
1.082000000000000000e+03 8.700000000000000000e+01
1.083000000000000000e+03 8.700000000000000000e+01
1.083000000000000000e+03 8.700000000000000000e+01
1.083000000000000000e+03 8.800000000000000000e+01
1.084000000000000000e+03 8.700000000000000000e+01
1.084000000000000000e+03 8.700000000000000000e+01
1.085000000000000000e+03 8.700000000000000000e+01
1.085000000000000000e+03 8.700000000000000000e+01
1.085000000000000000e+03 8.700000000000000000e+01
1.086000000000000000e+03 8.700000000000000000e+01
1.086000000000000000e+03 8.700000000000000000e+01
1.087000000000000000e+03 8.700000000000000000e+01
1.087000000000000000e+03 8.800000000000000000e+01
1.088000000000000000e+03 8.800000000000000000e+01
1.089000000000000000e+03 8.800000000000000000e+01
1.090000000000000000e+03 8.800000000000000000e+01
1.090000000000000000e+03 8.800000000000000000e+01
1.090000000000000000e+03 8.800000000000000000e+01
1.091000000000000000e+03 8.800000000000000000e+01
1.091000000000000000e+03 8.800000000000000000e+01
1.091000000000000000e+03 8.800000000000000000e+01
1.092000000000000000e+03 8.800000000000000000e+01
1.093000000000000000e+03 8.900000000000000000e+01
1.093000000000000000e+03 8.900000000000000000e+01
1.093000000000000000e+03 9.000000000000000000e+01
1.094000000000000000e+03 8.900000000000000000e+01
1.095000000000000000e+03 8.900000000000000000e+01
1.094000000000000000e+03 8.900000000000000000e+01
1.095000000000000000e+03 9.000000000000000000e+01
1.095000000000000000e+03 8.900000000000000000e+01
1.096000000000000000e+03 9.000000000000000000e+01
1.096000000000000000e+03 9.000000000000000000e+01
1.096000000000000000e+03 9.100000000000000000e+01
1.097000000000000000e+03 9.100000000000000000e+01
1.097000000000000000e+03 9.100000000000000000e+01
1.097000000000000000e+03 9.100000000000000000e+01
1.098000000000000000e+03 9.100000000000000000e+01
1.098000000000000000e+03 9.100000000000000000e+01
1.098000000000000000e+03 9.000000000000000000e+01
1.098000000000000000e+03 9.000000000000000000e+01
1.099000000000000000e+03 9.100000000000000000e+01
1.099000000000000000e+03 9.100000000000000000e+01
1.099000000000000000e+03 9.100000000000000000e+01
1.099000000000000000e+03 9.100000000000000000e+01
1.100000000000000000e+03 9.100000000000000000e+01
1.099000000000000000e+03 9.100000000000000000e+01
1.099000000000000000e+03 9.100000000000000000e+01
1.100000000000000000e+03 9.100000000000000000e+01
1.100000000000000000e+03 9.100000000000000000e+01
1.100000000000000000e+03 9.200000000000000000e+01
1.100000000000000000e+03 9.200000000000000000e+01
1.101000000000000000e+03 9.200000000000000000e+01
1.100000000000000000e+03 9.200000000000000000e+01
1.099000000000000000e+03 9.200000000000000000e+01
1.100000000000000000e+03 9.200000000000000000e+01
1.100000000000000000e+03 9.200000000000000000e+01
1.100000000000000000e+03 9.200000000000000000e+01
1.100000000000000000e+03 9.300000000000000000e+01
1.090000000000000000e+03 8.100000000000000000e+01
1.090000000000000000e+03 8.100000000000000000e+01
1.090000000000000000e+03 8.100000000000000000e+01
1.090000000000000000e+03 8.100000000000000000e+01
1.089000000000000000e+03 8.100000000000000000e+01
1.089000000000000000e+03 8.100000000000000000e+01
1.089000000000000000e+03 8.100000000000000000e+01
1.089000000000000000e+03 8.100000000000000000e+01
1.089000000000000000e+03 8.100000000000000000e+01
1.089000000000000000e+03 8.100000000000000000e+01
1.089000000000000000e+03 8.100000000000000000e+01
1.088000000000000000e+03 8.100000000000000000e+01
1.088000000000000000e+03 8.100000000000000000e+01
1.088000000000000000e+03 8.100000000000000000e+01
1.088000000000000000e+03 8.200000000000000000e+01
1.088000000000000000e+03 8.200000000000000000e+01
1.088000000000000000e+03 8.100000000000000000e+01
1.087000000000000000e+03 8.100000000000000000e+01
1.087000000000000000e+03 8.200000000000000000e+01
1.087000000000000000e+03 8.200000000000000000e+01
1.087000000000000000e+03 8.200000000000000000e+01
1.086000000000000000e+03 8.200000000000000000e+01
1.086000000000000000e+03 8.200000000000000000e+01
1.086000000000000000e+03 8.200000000000000000e+01
1.085000000000000000e+03 8.200000000000000000e+01
1.085000000000000000e+03 8.200000000000000000e+01
1.085000000000000000e+03 8.200000000000000000e+01
1.084000000000000000e+03 8.200000000000000000e+01
1.083000000000000000e+03 8.200000000000000000e+01
1.083000000000000000e+03 8.200000000000000000e+01
1.083000000000000000e+03 8.200000000000000000e+01
1.083000000000000000e+03 8.200000000000000000e+01
1.083000000000000000e+03 8.200000000000000000e+01
1.083000000000000000e+03 8.200000000000000000e+01
1.082000000000000000e+03 8.200000000000000000e+01
1.083000000000000000e+03 8.200000000000000000e+01
1.082000000000000000e+03 8.200000000000000000e+01
1.082000000000000000e+03 8.200000000000000000e+01
1.082000000000000000e+03 8.200000000000000000e+01
1.082000000000000000e+03 8.200000000000000000e+01
1.082000000000000000e+03 8.200000000000000000e+01
1.081000000000000000e+03 8.200000000000000000e+01
1.081000000000000000e+03 8.200000000000000000e+01
1.081000000000000000e+03 8.200000000000000000e+01
1.081000000000000000e+03 8.200000000000000000e+01
1.080000000000000000e+03 8.100000000000000000e+01
1.080000000000000000e+03 8.100000000000000000e+01
1.080000000000000000e+03 8.100000000000000000e+01
1.080000000000000000e+03 8.200000000000000000e+01
1.080000000000000000e+03 8.100000000000000000e+01
1.081000000000000000e+03 8.100000000000000000e+01
1.081000000000000000e+03 8.000000000000000000e+01
1.081000000000000000e+03 8.000000000000000000e+01
1.081000000000000000e+03 8.000000000000000000e+01
1.081000000000000000e+03 8.000000000000000000e+01
1.081000000000000000e+03 8.100000000000000000e+01
1.081000000000000000e+03 8.100000000000000000e+01
1.081000000000000000e+03 8.200000000000000000e+01
1.082000000000000000e+03 8.100000000000000000e+01
1.082000000000000000e+03 8.100000000000000000e+01
1.082000000000000000e+03 8.100000000000000000e+01
1.082000000000000000e+03 8.200000000000000000e+01
1.082000000000000000e+03 8.200000000000000000e+01
1.082000000000000000e+03 8.200000000000000000e+01
1.083000000000000000e+03 8.200000000000000000e+01
1.083000000000000000e+03 8.100000000000000000e+01
1.084000000000000000e+03 8.100000000000000000e+01
1.085000000000000000e+03 8.100000000000000000e+01
1.085000000000000000e+03 8.000000000000000000e+01
1.086000000000000000e+03 8.000000000000000000e+01
1.086000000000000000e+03 8.000000000000000000e+01
1.086000000000000000e+03 8.000000000000000000e+01
1.086000000000000000e+03 8.100000000000000000e+01
1.086000000000000000e+03 8.100000000000000000e+01
1.086000000000000000e+03 8.100000000000000000e+01
1.086000000000000000e+03 8.100000000000000000e+01
1.087000000000000000e+03 8.100000000000000000e+01
1.087000000000000000e+03 8.100000000000000000e+01
1.088000000000000000e+03 8.100000000000000000e+01
1.088000000000000000e+03 8.100000000000000000e+01
1.088000000000000000e+03 8.100000000000000000e+01
1.089000000000000000e+03 8.000000000000000000e+01
1.090000000000000000e+03 8.000000000000000000e+01
1.091000000000000000e+03 8.000000000000000000e+01
1.091000000000000000e+03 8.000000000000000000e+01
1.091000000000000000e+03 8.000000000000000000e+01
1.091000000000000000e+03 8.000000000000000000e+01
1.092000000000000000e+03 8.000000000000000000e+01
1.092000000000000000e+03 8.000000000000000000e+01
1.092000000000000000e+03 8.100000000000000000e+01
1.092000000000000000e+03 8.100000000000000000e+01
1.093000000000000000e+03 8.000000000000000000e+01
1.093000000000000000e+03 8.000000000000000000e+01
1.093000000000000000e+03 8.100000000000000000e+01
1.094000000000000000e+03 8.100000000000000000e+01
1.095000000000000000e+03 8.100000000000000000e+01
1.095000000000000000e+03 8.100000000000000000e+01
1.095000000000000000e+03 8.100000000000000000e+01
1.096000000000000000e+03 8.100000000000000000e+01
1.096000000000000000e+03 8.100000000000000000e+01
1.097000000000000000e+03 8.100000000000000000e+01
1.097000000000000000e+03 8.000000000000000000e+01
1.097000000000000000e+03 8.000000000000000000e+01
1.097000000000000000e+03 8.100000000000000000e+01
1.098000000000000000e+03 8.100000000000000000e+01
1.098000000000000000e+03 8.100000000000000000e+01
1.098000000000000000e+03 8.100000000000000000e+01
1.098000000000000000e+03 8.100000000000000000e+01
1.098000000000000000e+03 8.100000000000000000e+01
1.098000000000000000e+03 8.100000000000000000e+01
1.098000000000000000e+03 8.100000000000000000e+01
1.098000000000000000e+03 8.100000000000000000e+01
1.098000000000000000e+03 8.100000000000000000e+01
1.098000000000000000e+03 8.200000000000000000e+01
1.097000000000000000e+03 8.200000000000000000e+01
1.097000000000000000e+03 8.200000000000000000e+01
1.097000000000000000e+03 8.200000000000000000e+01
1.096000000000000000e+03 8.200000000000000000e+01
1.096000000000000000e+03 8.200000000000000000e+01
1.096000000000000000e+03 8.200000000000000000e+01
1.095000000000000000e+03 8.200000000000000000e+01
1.095000000000000000e+03 8.100000000000000000e+01
1.094000000000000000e+03 7.900000000000000000e+01
1.094000000000000000e+03 8.100000000000000000e+01
1.093000000000000000e+03 8.000000000000000000e+01
1.093000000000000000e+03 8.000000000000000000e+01
1.092000000000000000e+03 8.000000000000000000e+01
1.091000000000000000e+03 8.000000000000000000e+01
1.090000000000000000e+03 8.000000000000000000e+01
1.090000000000000000e+03 7.900000000000000000e+01
1.089000000000000000e+03 7.900000000000000000e+01
1.089000000000000000e+03 7.800000000000000000e+01
1.088000000000000000e+03 7.900000000000000000e+01
1.087000000000000000e+03 7.900000000000000000e+01
1.087000000000000000e+03 7.700000000000000000e+01
1.086000000000000000e+03 7.600000000000000000e+01
1.085000000000000000e+03 7.600000000000000000e+01
1.085000000000000000e+03 7.600000000000000000e+01
1.084000000000000000e+03 7.600000000000000000e+01
1.084000000000000000e+03 7.600000000000000000e+01
1.083000000000000000e+03 7.700000000000000000e+01
1.083000000000000000e+03 7.700000000000000000e+01
1.082000000000000000e+03 7.700000000000000000e+01
1.081000000000000000e+03 7.600000000000000000e+01
1.081000000000000000e+03 7.600000000000000000e+01
1.080000000000000000e+03 7.400000000000000000e+01
1.080000000000000000e+03 7.600000000000000000e+01
1.080000000000000000e+03 7.400000000000000000e+01
1.080000000000000000e+03 7.500000000000000000e+01
1.079000000000000000e+03 7.300000000000000000e+01
1.079000000000000000e+03 7.400000000000000000e+01
1.079000000000000000e+03 7.200000000000000000e+01
1.078000000000000000e+03 7.300000000000000000e+01
1.078000000000000000e+03 7.300000000000000000e+01
1.077000000000000000e+03 7.300000000000000000e+01
1.077000000000000000e+03 7.300000000000000000e+01
1.077000000000000000e+03 7.200000000000000000e+01
1.076000000000000000e+03 7.200000000000000000e+01
1.076000000000000000e+03 7.200000000000000000e+01
1.076000000000000000e+03 7.100000000000000000e+01
1.075000000000000000e+03 7.100000000000000000e+01
1.075000000000000000e+03 7.100000000000000000e+01
1.075000000000000000e+03 7.100000000000000000e+01
1.075000000000000000e+03 7.000000000000000000e+01
1.075000000000000000e+03 7.000000000000000000e+01
1.074000000000000000e+03 7.000000000000000000e+01
1.074000000000000000e+03 7.000000000000000000e+01
1.074000000000000000e+03 6.900000000000000000e+01
1.074000000000000000e+03 6.700000000000000000e+01
1.073000000000000000e+03 6.800000000000000000e+01
1.073000000000000000e+03 6.800000000000000000e+01
1.073000000000000000e+03 6.800000000000000000e+01
1.073000000000000000e+03 6.600000000000000000e+01
1.073000000000000000e+03 6.800000000000000000e+01
1.072000000000000000e+03 6.600000000000000000e+01
1.072000000000000000e+03 6.800000000000000000e+01
1.072000000000000000e+03 6.700000000000000000e+01
1.072000000000000000e+03 6.700000000000000000e+01
1.072000000000000000e+03 6.500000000000000000e+01
1.072000000000000000e+03 6.600000000000000000e+01
1.072000000000000000e+03 6.600000000000000000e+01
1.072000000000000000e+03 6.600000000000000000e+01
1.072000000000000000e+03 6.600000000000000000e+01
1.072000000000000000e+03 6.600000000000000000e+01
1.072000000000000000e+03 6.600000000000000000e+01
1.071000000000000000e+03 6.400000000000000000e+01
1.072000000000000000e+03 6.300000000000000000e+01
1.071000000000000000e+03 6.300000000000000000e+01
1.071000000000000000e+03 6.300000000000000000e+01
1.071000000000000000e+03 6.300000000000000000e+01
1.071000000000000000e+03 6.300000000000000000e+01
1.071000000000000000e+03 6.300000000000000000e+01
1.071000000000000000e+03 6.300000000000000000e+01
1.071000000000000000e+03 6.400000000000000000e+01
1.071000000000000000e+03 6.400000000000000000e+01
1.071000000000000000e+03 6.300000000000000000e+01
1.071000000000000000e+03 6.300000000000000000e+01
1.071000000000000000e+03 6.300000000000000000e+01
1.071000000000000000e+03 6.300000000000000000e+01
1.071000000000000000e+03 6.300000000000000000e+01
1.071000000000000000e+03 6.300000000000000000e+01
1.071000000000000000e+03 6.300000000000000000e+01
1.071000000000000000e+03 6.300000000000000000e+01
1.071000000000000000e+03 6.300000000000000000e+01
1.071000000000000000e+03 6.200000000000000000e+01
1.071000000000000000e+03 6.200000000000000000e+01
1.071000000000000000e+03 6.200000000000000000e+01
1.071000000000000000e+03 6.200000000000000000e+01
1.071000000000000000e+03 6.200000000000000000e+01
1.071000000000000000e+03 6.200000000000000000e+01
1.071000000000000000e+03 6.200000000000000000e+01
1.071000000000000000e+03 6.100000000000000000e+01
1.072000000000000000e+03 6.100000000000000000e+01
1.072000000000000000e+03 6.100000000000000000e+01
1.072000000000000000e+03 6.100000000000000000e+01
1.072000000000000000e+03 6.100000000000000000e+01
1.072000000000000000e+03 6.100000000000000000e+01
1.072000000000000000e+03 6.100000000000000000e+01
1.072000000000000000e+03 6.100000000000000000e+01
1.073000000000000000e+03 5.900000000000000000e+01
1.073000000000000000e+03 6.000000000000000000e+01
1.073000000000000000e+03 6.000000000000000000e+01
1.073000000000000000e+03 6.000000000000000000e+01
1.073000000000000000e+03 6.000000000000000000e+01
1.073000000000000000e+03 6.000000000000000000e+01
1.073000000000000000e+03 6.000000000000000000e+01
1.073000000000000000e+03 6.000000000000000000e+01
1.074000000000000000e+03 5.900000000000000000e+01
1.074000000000000000e+03 5.900000000000000000e+01
1.075000000000000000e+03 5.900000000000000000e+01
1.075000000000000000e+03 5.900000000000000000e+01
1.075000000000000000e+03 5.900000000000000000e+01
1.076000000000000000e+03 5.900000000000000000e+01
1.076000000000000000e+03 5.900000000000000000e+01
1.076000000000000000e+03 5.900000000000000000e+01
1.076000000000000000e+03 5.900000000000000000e+01
1.076000000000000000e+03 5.900000000000000000e+01
1.077000000000000000e+03 5.900000000000000000e+01
1.077000000000000000e+03 5.900000000000000000e+01
1.077000000000000000e+03 5.900000000000000000e+01
1.077000000000000000e+03 5.900000000000000000e+01
1.078000000000000000e+03 5.900000000000000000e+01
1.078000000000000000e+03 5.800000000000000000e+01
1.078000000000000000e+03 5.800000000000000000e+01
1.078000000000000000e+03 5.800000000000000000e+01
1.079000000000000000e+03 5.700000000000000000e+01
1.079000000000000000e+03 5.700000000000000000e+01
1.079000000000000000e+03 5.800000000000000000e+01
1.079000000000000000e+03 5.600000000000000000e+01
1.079000000000000000e+03 5.600000000000000000e+01
1.079000000000000000e+03 5.600000000000000000e+01
1.079000000000000000e+03 5.600000000000000000e+01
1.079000000000000000e+03 5.600000000000000000e+01
1.079000000000000000e+03 5.600000000000000000e+01
1.079000000000000000e+03 5.600000000000000000e+01
1.079000000000000000e+03 5.600000000000000000e+01
1.079000000000000000e+03 5.700000000000000000e+01
1.079000000000000000e+03 5.700000000000000000e+01
1.079000000000000000e+03 5.700000000000000000e+01
1.079000000000000000e+03 5.600000000000000000e+01
1.078000000000000000e+03 5.600000000000000000e+01
1.078000000000000000e+03 5.600000000000000000e+01
1.078000000000000000e+03 5.700000000000000000e+01
1.077000000000000000e+03 5.700000000000000000e+01
1.077000000000000000e+03 5.700000000000000000e+01
1.077000000000000000e+03 5.700000000000000000e+01
1.077000000000000000e+03 5.700000000000000000e+01
1.076000000000000000e+03 5.300000000000000000e+01
1.076000000000000000e+03 5.600000000000000000e+01
1.076000000000000000e+03 5.600000000000000000e+01
1.076000000000000000e+03 5.600000000000000000e+01
1.075000000000000000e+03 5.600000000000000000e+01
1.075000000000000000e+03 5.300000000000000000e+01
1.075000000000000000e+03 5.300000000000000000e+01
1.075000000000000000e+03 5.300000000000000000e+01
1.075000000000000000e+03 5.300000000000000000e+01
1.074000000000000000e+03 5.300000000000000000e+01
1.074000000000000000e+03 5.300000000000000000e+01
1.073000000000000000e+03 5.300000000000000000e+01
1.073000000000000000e+03 5.300000000000000000e+01
1.073000000000000000e+03 5.300000000000000000e+01
1.072000000000000000e+03 5.300000000000000000e+01
1.072000000000000000e+03 5.300000000000000000e+01
1.072000000000000000e+03 5.300000000000000000e+01
1.071000000000000000e+03 5.300000000000000000e+01
1.071000000000000000e+03 5.300000000000000000e+01
1.070000000000000000e+03 5.300000000000000000e+01
1.070000000000000000e+03 5.300000000000000000e+01
1.070000000000000000e+03 5.300000000000000000e+01
1.070000000000000000e+03 5.300000000000000000e+01
1.069000000000000000e+03 5.300000000000000000e+01
1.069000000000000000e+03 5.300000000000000000e+01
1.069000000000000000e+03 5.300000000000000000e+01
1.069000000000000000e+03 5.300000000000000000e+01
1.069000000000000000e+03 5.300000000000000000e+01
1.069000000000000000e+03 5.300000000000000000e+01
1.068000000000000000e+03 5.300000000000000000e+01
1.068000000000000000e+03 5.300000000000000000e+01
1.068000000000000000e+03 5.300000000000000000e+01
1.068000000000000000e+03 5.300000000000000000e+01
1.068000000000000000e+03 5.300000000000000000e+01
1.067000000000000000e+03 5.300000000000000000e+01
1.067000000000000000e+03 5.300000000000000000e+01
1.067000000000000000e+03 5.300000000000000000e+01
1.067000000000000000e+03 5.300000000000000000e+01
1.067000000000000000e+03 5.300000000000000000e+01
1.067000000000000000e+03 5.300000000000000000e+01
1.067000000000000000e+03 5.300000000000000000e+01
1.066000000000000000e+03 5.300000000000000000e+01
1.066000000000000000e+03 5.300000000000000000e+01
1.066000000000000000e+03 5.300000000000000000e+01
1.066000000000000000e+03 5.300000000000000000e+01
1.066000000000000000e+03 5.300000000000000000e+01
1.066000000000000000e+03 5.300000000000000000e+01
1.065000000000000000e+03 5.300000000000000000e+01
1.065000000000000000e+03 5.300000000000000000e+01
1.065000000000000000e+03 5.300000000000000000e+01
1.065000000000000000e+03 5.300000000000000000e+01
1.065000000000000000e+03 5.300000000000000000e+01
1.065000000000000000e+03 5.300000000000000000e+01
1.065000000000000000e+03 5.300000000000000000e+01
1.065000000000000000e+03 5.300000000000000000e+01
1.065000000000000000e+03 5.300000000000000000e+01
1.065000000000000000e+03 5.300000000000000000e+01
1.065000000000000000e+03 5.300000000000000000e+01
1.064000000000000000e+03 5.300000000000000000e+01
1.064000000000000000e+03 5.300000000000000000e+01
1.064000000000000000e+03 5.300000000000000000e+01
1.064000000000000000e+03 5.300000000000000000e+01
1.064000000000000000e+03 5.300000000000000000e+01
1.064000000000000000e+03 5.300000000000000000e+01
1.064000000000000000e+03 5.300000000000000000e+01
1.064000000000000000e+03 5.300000000000000000e+01
1.064000000000000000e+03 5.300000000000000000e+01
1.064000000000000000e+03 5.300000000000000000e+01
1.064000000000000000e+03 5.300000000000000000e+01
1.064000000000000000e+03 5.300000000000000000e+01
1.064000000000000000e+03 5.300000000000000000e+01
1.064000000000000000e+03 5.300000000000000000e+01
1.064000000000000000e+03 5.300000000000000000e+01
1.063000000000000000e+03 5.300000000000000000e+01
1.063000000000000000e+03 5.300000000000000000e+01
1.063000000000000000e+03 5.300000000000000000e+01
1.063000000000000000e+03 5.300000000000000000e+01
1.063000000000000000e+03 5.300000000000000000e+01
1.063000000000000000e+03 5.700000000000000000e+01
1.063000000000000000e+03 5.700000000000000000e+01
1.063000000000000000e+03 5.700000000000000000e+01
1.063000000000000000e+03 5.700000000000000000e+01
1.063000000000000000e+03 5.700000000000000000e+01
1.063000000000000000e+03 5.700000000000000000e+01
1.063000000000000000e+03 5.700000000000000000e+01
1.062000000000000000e+03 5.700000000000000000e+01
1.062000000000000000e+03 5.700000000000000000e+01
1.062000000000000000e+03 5.700000000000000000e+01
1.062000000000000000e+03 5.700000000000000000e+01
1.062000000000000000e+03 5.700000000000000000e+01
1.062000000000000000e+03 5.800000000000000000e+01
1.062000000000000000e+03 5.800000000000000000e+01
1.062000000000000000e+03 5.800000000000000000e+01
1.061000000000000000e+03 5.800000000000000000e+01
1.061000000000000000e+03 5.800000000000000000e+01
1.061000000000000000e+03 5.900000000000000000e+01
1.061000000000000000e+03 5.900000000000000000e+01
1.061000000000000000e+03 5.900000000000000000e+01
1.061000000000000000e+03 5.900000000000000000e+01
1.061000000000000000e+03 5.900000000000000000e+01
1.061000000000000000e+03 5.900000000000000000e+01
1.061000000000000000e+03 5.900000000000000000e+01
1.061000000000000000e+03 6.000000000000000000e+01
1.061000000000000000e+03 6.000000000000000000e+01
1.061000000000000000e+03 6.000000000000000000e+01
1.061000000000000000e+03 5.900000000000000000e+01
1.061000000000000000e+03 5.900000000000000000e+01
1.061000000000000000e+03 5.900000000000000000e+01
1.061000000000000000e+03 5.900000000000000000e+01
1.061000000000000000e+03 5.900000000000000000e+01
1.061000000000000000e+03 5.900000000000000000e+01
1.061000000000000000e+03 6.000000000000000000e+01
1.061000000000000000e+03 6.000000000000000000e+01
1.061000000000000000e+03 6.100000000000000000e+01
1.061000000000000000e+03 6.100000000000000000e+01
1.061000000000000000e+03 6.100000000000000000e+01
1.061000000000000000e+03 6.100000000000000000e+01
1.061000000000000000e+03 6.100000000000000000e+01
1.061000000000000000e+03 6.100000000000000000e+01
1.061000000000000000e+03 6.100000000000000000e+01
1.061000000000000000e+03 6.100000000000000000e+01
1.061000000000000000e+03 6.200000000000000000e+01
1.061000000000000000e+03 6.200000000000000000e+01
1.062000000000000000e+03 6.200000000000000000e+01
1.062000000000000000e+03 6.300000000000000000e+01
1.062000000000000000e+03 6.300000000000000000e+01
1.062000000000000000e+03 6.300000000000000000e+01
1.063000000000000000e+03 6.300000000000000000e+01
1.063000000000000000e+03 6.300000000000000000e+01
1.063000000000000000e+03 6.400000000000000000e+01
1.063000000000000000e+03 6.400000000000000000e+01
1.064000000000000000e+03 6.400000000000000000e+01
1.064000000000000000e+03 6.400000000000000000e+01
1.064000000000000000e+03 6.400000000000000000e+01
1.064000000000000000e+03 6.400000000000000000e+01
1.064000000000000000e+03 6.400000000000000000e+01
1.064000000000000000e+03 6.400000000000000000e+01
1.064000000000000000e+03 6.500000000000000000e+01
1.065000000000000000e+03 6.500000000000000000e+01
1.066000000000000000e+03 6.500000000000000000e+01
1.066000000000000000e+03 6.500000000000000000e+01
1.066000000000000000e+03 6.600000000000000000e+01
1.067000000000000000e+03 6.500000000000000000e+01
1.067000000000000000e+03 6.500000000000000000e+01
1.067000000000000000e+03 6.500000000000000000e+01
1.068000000000000000e+03 6.600000000000000000e+01
1.069000000000000000e+03 6.600000000000000000e+01
1.069000000000000000e+03 6.700000000000000000e+01
1.070000000000000000e+03 6.700000000000000000e+01
1.070000000000000000e+03 6.700000000000000000e+01
1.070000000000000000e+03 6.700000000000000000e+01
1.071000000000000000e+03 6.700000000000000000e+01
1.071000000000000000e+03 6.700000000000000000e+01
1.071000000000000000e+03 6.700000000000000000e+01
1.071000000000000000e+03 6.700000000000000000e+01
1.072000000000000000e+03 6.800000000000000000e+01
1.072000000000000000e+03 6.800000000000000000e+01
1.073000000000000000e+03 6.900000000000000000e+01
1.074000000000000000e+03 6.900000000000000000e+01
1.075000000000000000e+03 6.900000000000000000e+01
1.075000000000000000e+03 6.900000000000000000e+01
1.076000000000000000e+03 6.900000000000000000e+01
1.076000000000000000e+03 6.900000000000000000e+01
1.077000000000000000e+03 6.900000000000000000e+01
1.077000000000000000e+03 6.900000000000000000e+01
1.078000000000000000e+03 7.000000000000000000e+01
1.079000000000000000e+03 7.100000000000000000e+01
1.080000000000000000e+03 7.100000000000000000e+01
1.080000000000000000e+03 7.100000000000000000e+01
1.080000000000000000e+03 7.000000000000000000e+01
1.080000000000000000e+03 7.000000000000000000e+01
1.081000000000000000e+03 7.000000000000000000e+01
1.081000000000000000e+03 7.000000000000000000e+01
1.082000000000000000e+03 7.100000000000000000e+01
1.082000000000000000e+03 7.100000000000000000e+01
1.084000000000000000e+03 7.100000000000000000e+01
1.085000000000000000e+03 7.100000000000000000e+01
1.086000000000000000e+03 7.200000000000000000e+01
1.087000000000000000e+03 7.200000000000000000e+01
1.087000000000000000e+03 7.200000000000000000e+01
1.087000000000000000e+03 7.200000000000000000e+01
1.088000000000000000e+03 7.200000000000000000e+01
1.089000000000000000e+03 7.200000000000000000e+01
1.090000000000000000e+03 7.200000000000000000e+01
1.091000000000000000e+03 7.300000000000000000e+01
1.092000000000000000e+03 7.300000000000000000e+01
1.092000000000000000e+03 7.300000000000000000e+01
1.093000000000000000e+03 7.300000000000000000e+01
1.093000000000000000e+03 7.300000000000000000e+01
1.094000000000000000e+03 7.300000000000000000e+01
1.094000000000000000e+03 7.300000000000000000e+01
1.095000000000000000e+03 7.400000000000000000e+01
1.096000000000000000e+03 7.400000000000000000e+01
1.098000000000000000e+03 7.400000000000000000e+01
1.099000000000000000e+03 7.400000000000000000e+01
1.100000000000000000e+03 7.400000000000000000e+01
1.100000000000000000e+03 7.400000000000000000e+01
1.101000000000000000e+03 7.400000000000000000e+01
1.101000000000000000e+03 7.400000000000000000e+01
1.103000000000000000e+03 7.500000000000000000e+01
1.104000000000000000e+03 7.500000000000000000e+01
1.106000000000000000e+03 7.500000000000000000e+01
1.107000000000000000e+03 7.500000000000000000e+01
1.107000000000000000e+03 7.500000000000000000e+01
1.107000000000000000e+03 7.500000000000000000e+01
1.108000000000000000e+03 7.500000000000000000e+01
1.109000000000000000e+03 7.500000000000000000e+01
1.110000000000000000e+03 7.500000000000000000e+01
1.112000000000000000e+03 7.500000000000000000e+01
1.114000000000000000e+03 7.500000000000000000e+01
1.114000000000000000e+03 7.400000000000000000e+01
1.114000000000000000e+03 7.400000000000000000e+01
1.115000000000000000e+03 7.400000000000000000e+01
1.116000000000000000e+03 7.400000000000000000e+01
1.117000000000000000e+03 7.400000000000000000e+01
1.118000000000000000e+03 7.400000000000000000e+01
1.119000000000000000e+03 7.400000000000000000e+01
1.122000000000000000e+03 7.400000000000000000e+01
1.122000000000000000e+03 7.300000000000000000e+01
1.123000000000000000e+03 7.300000000000000000e+01
1.123000000000000000e+03 7.300000000000000000e+01
1.124000000000000000e+03 7.300000000000000000e+01
1.126000000000000000e+03 7.400000000000000000e+01
1.127000000000000000e+03 7.400000000000000000e+01
1.129000000000000000e+03 7.300000000000000000e+01
1.130000000000000000e+03 7.300000000000000000e+01
1.130000000000000000e+03 7.300000000000000000e+01
1.131000000000000000e+03 7.300000000000000000e+01
1.131000000000000000e+03 7.300000000000000000e+01
1.132000000000000000e+03 7.300000000000000000e+01
1.133000000000000000e+03 7.300000000000000000e+01
1.135000000000000000e+03 7.300000000000000000e+01
1.137000000000000000e+03 7.300000000000000000e+01
1.139000000000000000e+03 7.300000000000000000e+01
1.139000000000000000e+03 7.300000000000000000e+01
1.140000000000000000e+03 7.200000000000000000e+01
1.141000000000000000e+03 7.200000000000000000e+01
1.142000000000000000e+03 7.200000000000000000e+01
1.143000000000000000e+03 7.300000000000000000e+01
1.144000000000000000e+03 7.300000000000000000e+01
1.146000000000000000e+03 7.300000000000000000e+01
1.148000000000000000e+03 7.200000000000000000e+01
1.149000000000000000e+03 7.200000000000000000e+01
1.149000000000000000e+03 7.200000000000000000e+01
1.150000000000000000e+03 7.200000000000000000e+01
1.151000000000000000e+03 7.200000000000000000e+01
1.153000000000000000e+03 7.200000000000000000e+01
1.154000000000000000e+03 7.200000000000000000e+01
1.156000000000000000e+03 7.200000000000000000e+01
1.156000000000000000e+03 7.200000000000000000e+01
1.157000000000000000e+03 7.200000000000000000e+01
1.158000000000000000e+03 7.200000000000000000e+01
1.158000000000000000e+03 7.200000000000000000e+01
1.159000000000000000e+03 7.200000000000000000e+01
1.160000000000000000e+03 7.200000000000000000e+01
1.161000000000000000e+03 7.200000000000000000e+01
1.163000000000000000e+03 7.200000000000000000e+01
1.164000000000000000e+03 7.100000000000000000e+01
1.165000000000000000e+03 7.100000000000000000e+01
1.166000000000000000e+03 7.100000000000000000e+01
1.167000000000000000e+03 7.100000000000000000e+01
1.167000000000000000e+03 7.100000000000000000e+01
1.168000000000000000e+03 7.100000000000000000e+01
1.169000000000000000e+03 7.200000000000000000e+01
1.170000000000000000e+03 7.200000000000000000e+01
1.170000000000000000e+03 7.200000000000000000e+01
1.170000000000000000e+03 7.100000000000000000e+01
1.171000000000000000e+03 7.100000000000000000e+01
1.172000000000000000e+03 7.100000000000000000e+01
1.173000000000000000e+03 7.100000000000000000e+01
1.173000000000000000e+03 7.100000000000000000e+01
1.174000000000000000e+03 7.100000000000000000e+01
1.175000000000000000e+03 7.200000000000000000e+01
1.176000000000000000e+03 7.200000000000000000e+01
1.176000000000000000e+03 7.200000000000000000e+01
1.177000000000000000e+03 7.200000000000000000e+01
1.178000000000000000e+03 7.200000000000000000e+01
1.178000000000000000e+03 7.200000000000000000e+01
1.179000000000000000e+03 7.200000000000000000e+01
1.179000000000000000e+03 7.200000000000000000e+01
1.179000000000000000e+03 7.200000000000000000e+01
1.179000000000000000e+03 7.200000000000000000e+01
1.180000000000000000e+03 7.100000000000000000e+01
1.180000000000000000e+03 7.200000000000000000e+01
1.180000000000000000e+03 7.200000000000000000e+01
1.180000000000000000e+03 7.200000000000000000e+01
1.180000000000000000e+03 7.100000000000000000e+01
1.180000000000000000e+03 7.100000000000000000e+01
1.180000000000000000e+03 7.100000000000000000e+01
1.181000000000000000e+03 7.200000000000000000e+01
1.182000000000000000e+03 7.200000000000000000e+01
1.182000000000000000e+03 7.200000000000000000e+01
1.185000000000000000e+03 7.100000000000000000e+01
1.186000000000000000e+03 7.200000000000000000e+01
1.166000000000000000e+03 6.000000000000000000e+01
1.166000000000000000e+03 6.000000000000000000e+01
1.187000000000000000e+03 7.100000000000000000e+01
1.168000000000000000e+03 6.300000000000000000e+01
1.169000000000000000e+03 6.200000000000000000e+01
1.170000000000000000e+03 6.200000000000000000e+01
1.171000000000000000e+03 6.200000000000000000e+01
1.171000000000000000e+03 6.300000000000000000e+01
1.174000000000000000e+03 6.200000000000000000e+01
1.174000000000000000e+03 6.300000000000000000e+01
1.175000000000000000e+03 6.100000000000000000e+01
1.169000000000000000e+03 7.100000000000000000e+01
1.170000000000000000e+03 7.900000000000000000e+01
1.171000000000000000e+03 7.900000000000000000e+01
1.180000000000000000e+03 9.600000000000000000e+01
1.172000000000000000e+03 7.100000000000000000e+01
1.180000000000000000e+03 9.600000000000000000e+01
1.181000000000000000e+03 9.400000000000000000e+01
1.182000000000000000e+03 9.600000000000000000e+01
1.183000000000000000e+03 9.600000000000000000e+01
1.184000000000000000e+03 9.600000000000000000e+01
1.185000000000000000e+03 9.500000000000000000e+01
1.187000000000000000e+03 9.500000000000000000e+01
1.189000000000000000e+03 9.500000000000000000e+01
1.190000000000000000e+03 9.600000000000000000e+01
1.190000000000000000e+03 9.600000000000000000e+01
1.191000000000000000e+03 9.600000000000000000e+01
1.191000000000000000e+03 9.600000000000000000e+01
1.192000000000000000e+03 9.600000000000000000e+01
1.193000000000000000e+03 9.600000000000000000e+01
1.194000000000000000e+03 9.600000000000000000e+01
1.195000000000000000e+03 9.600000000000000000e+01
1.196000000000000000e+03 9.600000000000000000e+01
1.197000000000000000e+03 9.600000000000000000e+01
1.198000000000000000e+03 9.600000000000000000e+01
1.198000000000000000e+03 9.600000000000000000e+01
1.198000000000000000e+03 9.600000000000000000e+01
1.198000000000000000e+03 9.600000000000000000e+01
1.198000000000000000e+03 9.600000000000000000e+01
1.199000000000000000e+03 9.700000000000000000e+01
1.200000000000000000e+03 9.700000000000000000e+01
1.201000000000000000e+03 9.700000000000000000e+01
1.201000000000000000e+03 9.700000000000000000e+01
1.202000000000000000e+03 9.500000000000000000e+01
1.203000000000000000e+03 9.700000000000000000e+01
1.203000000000000000e+03 9.600000000000000000e+01
1.203000000000000000e+03 9.700000000000000000e+01
1.204000000000000000e+03 9.700000000000000000e+01
1.204000000000000000e+03 9.700000000000000000e+01
1.204000000000000000e+03 9.700000000000000000e+01
1.204000000000000000e+03 9.700000000000000000e+01
1.205000000000000000e+03 9.700000000000000000e+01
1.205000000000000000e+03 9.700000000000000000e+01
1.205000000000000000e+03 9.700000000000000000e+01
1.205000000000000000e+03 9.700000000000000000e+01
1.205000000000000000e+03 9.700000000000000000e+01
1.205000000000000000e+03 9.700000000000000000e+01
1.205000000000000000e+03 9.700000000000000000e+01
1.205000000000000000e+03 9.700000000000000000e+01
1.205000000000000000e+03 9.700000000000000000e+01
1.205000000000000000e+03 9.700000000000000000e+01
1.205000000000000000e+03 9.700000000000000000e+01
1.205000000000000000e+03 9.800000000000000000e+01
1.206000000000000000e+03 9.800000000000000000e+01
1.205000000000000000e+03 9.800000000000000000e+01
1.205000000000000000e+03 9.800000000000000000e+01
1.205000000000000000e+03 9.800000000000000000e+01
1.205000000000000000e+03 9.800000000000000000e+01
1.205000000000000000e+03 9.800000000000000000e+01
1.205000000000000000e+03 9.800000000000000000e+01
1.205000000000000000e+03 9.800000000000000000e+01
1.204000000000000000e+03 9.800000000000000000e+01
1.204000000000000000e+03 9.800000000000000000e+01
1.204000000000000000e+03 9.800000000000000000e+01
1.203000000000000000e+03 9.800000000000000000e+01
1.203000000000000000e+03 9.800000000000000000e+01
1.203000000000000000e+03 9.800000000000000000e+01
1.203000000000000000e+03 9.900000000000000000e+01
1.202000000000000000e+03 9.900000000000000000e+01
1.202000000000000000e+03 9.900000000000000000e+01
1.202000000000000000e+03 9.700000000000000000e+01
1.201000000000000000e+03 9.800000000000000000e+01
1.201000000000000000e+03 9.800000000000000000e+01
1.201000000000000000e+03 9.800000000000000000e+01
1.200000000000000000e+03 9.900000000000000000e+01
1.200000000000000000e+03 9.900000000000000000e+01
1.200000000000000000e+03 9.900000000000000000e+01
1.199000000000000000e+03 9.900000000000000000e+01
1.199000000000000000e+03 9.900000000000000000e+01
1.199000000000000000e+03 9.900000000000000000e+01
1.198000000000000000e+03 9.900000000000000000e+01
1.198000000000000000e+03 9.900000000000000000e+01
1.198000000000000000e+03 1.000000000000000000e+02
1.197000000000000000e+03 9.900000000000000000e+01
1.197000000000000000e+03 1.000000000000000000e+02
1.197000000000000000e+03 1.000000000000000000e+02
1.196000000000000000e+03 1.000000000000000000e+02
1.196000000000000000e+03 1.000000000000000000e+02
1.195000000000000000e+03 1.000000000000000000e+02
1.195000000000000000e+03 1.000000000000000000e+02
1.195000000000000000e+03 1.000000000000000000e+02
1.194000000000000000e+03 1.000000000000000000e+02
1.194000000000000000e+03 1.000000000000000000e+02
1.194000000000000000e+03 1.000000000000000000e+02
1.193000000000000000e+03 1.000000000000000000e+02
1.193000000000000000e+03 1.000000000000000000e+02
1.192000000000000000e+03 1.000000000000000000e+02
1.192000000000000000e+03 1.010000000000000000e+02
1.192000000000000000e+03 9.900000000000000000e+01
1.191000000000000000e+03 9.900000000000000000e+01
1.191000000000000000e+03 9.900000000000000000e+01
1.190000000000000000e+03 1.010000000000000000e+02
1.190000000000000000e+03 1.010000000000000000e+02
1.189000000000000000e+03 1.010000000000000000e+02
1.189000000000000000e+03 1.010000000000000000e+02
1.188000000000000000e+03 9.900000000000000000e+01
1.188000000000000000e+03 9.900000000000000000e+01
1.187000000000000000e+03 1.000000000000000000e+02
1.187000000000000000e+03 1.010000000000000000e+02
1.186000000000000000e+03 1.010000000000000000e+02
1.186000000000000000e+03 1.010000000000000000e+02
1.185000000000000000e+03 1.010000000000000000e+02
1.184000000000000000e+03 1.010000000000000000e+02
1.184000000000000000e+03 1.010000000000000000e+02
1.183000000000000000e+03 1.010000000000000000e+02
1.182000000000000000e+03 1.000000000000000000e+02
1.182000000000000000e+03 1.000000000000000000e+02
1.181000000000000000e+03 1.020000000000000000e+02
1.181000000000000000e+03 1.020000000000000000e+02
1.180000000000000000e+03 1.020000000000000000e+02
1.180000000000000000e+03 1.000000000000000000e+02
1.179000000000000000e+03 1.000000000000000000e+02
1.178000000000000000e+03 1.000000000000000000e+02
1.177000000000000000e+03 1.000000000000000000e+02
1.177000000000000000e+03 1.000000000000000000e+02
1.176000000000000000e+03 1.020000000000000000e+02
1.176000000000000000e+03 1.020000000000000000e+02
1.175000000000000000e+03 1.020000000000000000e+02
1.174000000000000000e+03 1.020000000000000000e+02
1.173000000000000000e+03 1.030000000000000000e+02
1.172000000000000000e+03 1.020000000000000000e+02
1.171000000000000000e+03 1.030000000000000000e+02
1.171000000000000000e+03 1.030000000000000000e+02
1.170000000000000000e+03 1.030000000000000000e+02
1.170000000000000000e+03 1.030000000000000000e+02
1.169000000000000000e+03 1.030000000000000000e+02
1.168000000000000000e+03 1.030000000000000000e+02
1.167000000000000000e+03 1.030000000000000000e+02
1.167000000000000000e+03 1.030000000000000000e+02
1.166000000000000000e+03 1.030000000000000000e+02
1.165000000000000000e+03 1.040000000000000000e+02
1.165000000000000000e+03 1.040000000000000000e+02
1.164000000000000000e+03 1.040000000000000000e+02
1.163000000000000000e+03 1.040000000000000000e+02
1.162000000000000000e+03 1.040000000000000000e+02
1.161000000000000000e+03 1.040000000000000000e+02
1.161000000000000000e+03 1.040000000000000000e+02
1.160000000000000000e+03 1.040000000000000000e+02
1.160000000000000000e+03 1.050000000000000000e+02
1.159000000000000000e+03 1.050000000000000000e+02
1.159000000000000000e+03 1.050000000000000000e+02
1.158000000000000000e+03 1.040000000000000000e+02
1.157000000000000000e+03 1.040000000000000000e+02
1.156000000000000000e+03 1.050000000000000000e+02
1.155000000000000000e+03 1.050000000000000000e+02
1.154000000000000000e+03 1.050000000000000000e+02
1.154000000000000000e+03 1.050000000000000000e+02
1.154000000000000000e+03 1.050000000000000000e+02
1.153000000000000000e+03 1.050000000000000000e+02
1.152000000000000000e+03 1.050000000000000000e+02
1.152000000000000000e+03 1.050000000000000000e+02
1.151000000000000000e+03 1.050000000000000000e+02
1.150000000000000000e+03 1.060000000000000000e+02
1.150000000000000000e+03 1.060000000000000000e+02
1.150000000000000000e+03 1.050000000000000000e+02
1.149000000000000000e+03 1.050000000000000000e+02
1.148000000000000000e+03 1.060000000000000000e+02
1.148000000000000000e+03 1.060000000000000000e+02
1.147000000000000000e+03 1.060000000000000000e+02
1.146000000000000000e+03 1.060000000000000000e+02
1.145000000000000000e+03 1.070000000000000000e+02
1.145000000000000000e+03 1.070000000000000000e+02
1.145000000000000000e+03 1.080000000000000000e+02
1.145000000000000000e+03 1.070000000000000000e+02
1.144000000000000000e+03 1.070000000000000000e+02
1.144000000000000000e+03 1.070000000000000000e+02
1.143000000000000000e+03 1.070000000000000000e+02
1.142000000000000000e+03 1.070000000000000000e+02
1.142000000000000000e+03 1.080000000000000000e+02
1.141000000000000000e+03 1.090000000000000000e+02
1.141000000000000000e+03 1.090000000000000000e+02
1.140000000000000000e+03 1.090000000000000000e+02
1.140000000000000000e+03 1.090000000000000000e+02
1.140000000000000000e+03 1.090000000000000000e+02
1.140000000000000000e+03 1.070000000000000000e+02
1.140000000000000000e+03 1.080000000000000000e+02
1.140000000000000000e+03 1.080000000000000000e+02
1.140000000000000000e+03 1.080000000000000000e+02
1.140000000000000000e+03 1.080000000000000000e+02
1.140000000000000000e+03 1.080000000000000000e+02
1.140000000000000000e+03 1.090000000000000000e+02
1.140000000000000000e+03 1.090000000000000000e+02
1.140000000000000000e+03 1.090000000000000000e+02
1.140000000000000000e+03 1.080000000000000000e+02
1.140000000000000000e+03 1.080000000000000000e+02
1.140000000000000000e+03 1.080000000000000000e+02
1.140000000000000000e+03 1.080000000000000000e+02
1.140000000000000000e+03 1.080000000000000000e+02
1.140000000000000000e+03 1.080000000000000000e+02
1.140000000000000000e+03 1.080000000000000000e+02
1.140000000000000000e+03 1.080000000000000000e+02
1.140000000000000000e+03 1.070000000000000000e+02
1.140000000000000000e+03 1.070000000000000000e+02
1.141000000000000000e+03 1.070000000000000000e+02
1.141000000000000000e+03 1.060000000000000000e+02
1.141000000000000000e+03 1.060000000000000000e+02
1.141000000000000000e+03 1.070000000000000000e+02
1.141000000000000000e+03 1.070000000000000000e+02
1.141000000000000000e+03 1.070000000000000000e+02
1.141000000000000000e+03 1.070000000000000000e+02
1.141000000000000000e+03 1.070000000000000000e+02
1.142000000000000000e+03 1.070000000000000000e+02
1.142000000000000000e+03 1.050000000000000000e+02
1.142000000000000000e+03 1.060000000000000000e+02
1.143000000000000000e+03 1.060000000000000000e+02
1.144000000000000000e+03 1.060000000000000000e+02
1.144000000000000000e+03 1.060000000000000000e+02
1.145000000000000000e+03 1.060000000000000000e+02
1.145000000000000000e+03 1.060000000000000000e+02
1.145000000000000000e+03 1.060000000000000000e+02
1.145000000000000000e+03 1.060000000000000000e+02
1.145000000000000000e+03 1.060000000000000000e+02
1.145000000000000000e+03 1.060000000000000000e+02
1.146000000000000000e+03 1.060000000000000000e+02
1.146000000000000000e+03 1.060000000000000000e+02
1.146000000000000000e+03 1.050000000000000000e+02
1.147000000000000000e+03 1.050000000000000000e+02
1.147000000000000000e+03 1.050000000000000000e+02
1.148000000000000000e+03 1.050000000000000000e+02
1.148000000000000000e+03 1.050000000000000000e+02
1.148000000000000000e+03 1.050000000000000000e+02
1.149000000000000000e+03 1.050000000000000000e+02
1.149000000000000000e+03 1.050000000000000000e+02
1.149000000000000000e+03 1.050000000000000000e+02
1.149000000000000000e+03 1.050000000000000000e+02
1.149000000000000000e+03 1.050000000000000000e+02
1.149000000000000000e+03 1.050000000000000000e+02
1.149000000000000000e+03 1.050000000000000000e+02
1.149000000000000000e+03 1.050000000000000000e+02
1.149000000000000000e+03 1.050000000000000000e+02
1.149000000000000000e+03 1.050000000000000000e+02
1.150000000000000000e+03 1.050000000000000000e+02
1.150000000000000000e+03 1.050000000000000000e+02
1.150000000000000000e+03 1.050000000000000000e+02
1.149000000000000000e+03 1.050000000000000000e+02
1.149000000000000000e+03 1.050000000000000000e+02
1.149000000000000000e+03 1.050000000000000000e+02
1.148000000000000000e+03 1.050000000000000000e+02
1.148000000000000000e+03 1.050000000000000000e+02
1.148000000000000000e+03 1.050000000000000000e+02
1.148000000000000000e+03 1.050000000000000000e+02
1.148000000000000000e+03 1.050000000000000000e+02
1.148000000000000000e+03 1.050000000000000000e+02
1.147000000000000000e+03 1.050000000000000000e+02
1.147000000000000000e+03 1.050000000000000000e+02
1.147000000000000000e+03 1.050000000000000000e+02
1.146000000000000000e+03 1.050000000000000000e+02
1.146000000000000000e+03 1.050000000000000000e+02
1.146000000000000000e+03 1.050000000000000000e+02
1.146000000000000000e+03 1.050000000000000000e+02
1.145000000000000000e+03 1.050000000000000000e+02
1.145000000000000000e+03 1.050000000000000000e+02
1.145000000000000000e+03 1.050000000000000000e+02
1.145000000000000000e+03 1.050000000000000000e+02
1.144000000000000000e+03 1.050000000000000000e+02
1.144000000000000000e+03 1.050000000000000000e+02
1.144000000000000000e+03 1.050000000000000000e+02
1.144000000000000000e+03 1.050000000000000000e+02
1.143000000000000000e+03 1.050000000000000000e+02
1.143000000000000000e+03 1.050000000000000000e+02
1.143000000000000000e+03 1.050000000000000000e+02
1.142000000000000000e+03 1.050000000000000000e+02
1.142000000000000000e+03 1.050000000000000000e+02
1.142000000000000000e+03 1.060000000000000000e+02
1.141000000000000000e+03 1.060000000000000000e+02
1.140000000000000000e+03 1.060000000000000000e+02
1.140000000000000000e+03 1.060000000000000000e+02
1.139000000000000000e+03 1.060000000000000000e+02
1.139000000000000000e+03 1.060000000000000000e+02
1.139000000000000000e+03 1.060000000000000000e+02
1.139000000000000000e+03 1.060000000000000000e+02
1.139000000000000000e+03 1.060000000000000000e+02
1.139000000000000000e+03 1.060000000000000000e+02
1.138000000000000000e+03 1.060000000000000000e+02
1.138000000000000000e+03 1.060000000000000000e+02
1.137000000000000000e+03 1.060000000000000000e+02
1.137000000000000000e+03 1.060000000000000000e+02
1.137000000000000000e+03 1.060000000000000000e+02
1.136000000000000000e+03 1.060000000000000000e+02
1.136000000000000000e+03 1.060000000000000000e+02
1.136000000000000000e+03 1.060000000000000000e+02
1.135000000000000000e+03 1.060000000000000000e+02
1.135000000000000000e+03 1.060000000000000000e+02
1.135000000000000000e+03 1.070000000000000000e+02
1.134000000000000000e+03 1.060000000000000000e+02
1.134000000000000000e+03 1.060000000000000000e+02
1.134000000000000000e+03 1.060000000000000000e+02
1.133000000000000000e+03 1.060000000000000000e+02
1.133000000000000000e+03 1.070000000000000000e+02
1.132000000000000000e+03 1.070000000000000000e+02
1.131000000000000000e+03 1.070000000000000000e+02
1.131000000000000000e+03 1.070000000000000000e+02
1.131000000000000000e+03 1.070000000000000000e+02
1.131000000000000000e+03 1.070000000000000000e+02
1.130000000000000000e+03 1.070000000000000000e+02
1.130000000000000000e+03 1.070000000000000000e+02
1.130000000000000000e+03 1.070000000000000000e+02
1.130000000000000000e+03 1.070000000000000000e+02
1.129000000000000000e+03 1.070000000000000000e+02
1.129000000000000000e+03 1.070000000000000000e+02
1.129000000000000000e+03 1.070000000000000000e+02
1.128000000000000000e+03 1.070000000000000000e+02
1.128000000000000000e+03 1.080000000000000000e+02
1.127000000000000000e+03 1.080000000000000000e+02
1.127000000000000000e+03 1.080000000000000000e+02
1.127000000000000000e+03 1.080000000000000000e+02
1.127000000000000000e+03 1.080000000000000000e+02
1.126000000000000000e+03 1.080000000000000000e+02
1.126000000000000000e+03 1.080000000000000000e+02
1.126000000000000000e+03 1.080000000000000000e+02
1.125000000000000000e+03 1.060000000000000000e+02
1.125000000000000000e+03 1.060000000000000000e+02
1.125000000000000000e+03 1.060000000000000000e+02
1.124000000000000000e+03 1.080000000000000000e+02
1.123000000000000000e+03 1.080000000000000000e+02
1.123000000000000000e+03 1.080000000000000000e+02
1.122000000000000000e+03 1.080000000000000000e+02
1.122000000000000000e+03 1.070000000000000000e+02
1.122000000000000000e+03 1.080000000000000000e+02
1.121000000000000000e+03 1.090000000000000000e+02
1.121000000000000000e+03 1.070000000000000000e+02
1.121000000000000000e+03 1.080000000000000000e+02
1.121000000000000000e+03 1.080000000000000000e+02
1.120000000000000000e+03 1.080000000000000000e+02
1.120000000000000000e+03 1.080000000000000000e+02
1.119000000000000000e+03 1.080000000000000000e+02
1.119000000000000000e+03 1.080000000000000000e+02
1.119000000000000000e+03 1.070000000000000000e+02
1.118000000000000000e+03 1.090000000000000000e+02
1.118000000000000000e+03 1.090000000000000000e+02
1.117000000000000000e+03 1.070000000000000000e+02
1.117000000000000000e+03 1.090000000000000000e+02
1.116000000000000000e+03 1.070000000000000000e+02
1.116000000000000000e+03 1.080000000000000000e+02
1.116000000000000000e+03 1.070000000000000000e+02
1.115000000000000000e+03 1.070000000000000000e+02
1.115000000000000000e+03 1.080000000000000000e+02
1.115000000000000000e+03 1.070000000000000000e+02
1.114000000000000000e+03 1.090000000000000000e+02
1.113000000000000000e+03 1.090000000000000000e+02
1.112000000000000000e+03 1.070000000000000000e+02
1.112000000000000000e+03 1.090000000000000000e+02
1.111000000000000000e+03 1.070000000000000000e+02
1.111000000000000000e+03 1.090000000000000000e+02
1.111000000000000000e+03 1.090000000000000000e+02
1.111000000000000000e+03 1.090000000000000000e+02
1.111000000000000000e+03 1.070000000000000000e+02
1.111000000000000000e+03 1.090000000000000000e+02
1.111000000000000000e+03 1.080000000000000000e+02
1.110000000000000000e+03 1.090000000000000000e+02
1.109000000000000000e+03 1.090000000000000000e+02
1.108000000000000000e+03 1.100000000000000000e+02
1.108000000000000000e+03 1.100000000000000000e+02
1.107000000000000000e+03 1.100000000000000000e+02
1.107000000000000000e+03 1.100000000000000000e+02
1.107000000000000000e+03 1.100000000000000000e+02
1.107000000000000000e+03 1.100000000000000000e+02
1.106000000000000000e+03 1.100000000000000000e+02
1.106000000000000000e+03 1.100000000000000000e+02
1.105000000000000000e+03 1.100000000000000000e+02
1.105000000000000000e+03 1.090000000000000000e+02
1.105000000000000000e+03 1.100000000000000000e+02
1.104000000000000000e+03 1.100000000000000000e+02
1.104000000000000000e+03 1.100000000000000000e+02
1.103000000000000000e+03 1.100000000000000000e+02
1.103000000000000000e+03 1.110000000000000000e+02
1.102000000000000000e+03 1.110000000000000000e+02
1.101000000000000000e+03 1.110000000000000000e+02
1.101000000000000000e+03 1.120000000000000000e+02
1.101000000000000000e+03 1.110000000000000000e+02
1.100000000000000000e+03 1.120000000000000000e+02
1.100000000000000000e+03 1.120000000000000000e+02
1.099000000000000000e+03 1.120000000000000000e+02
1.099000000000000000e+03 1.120000000000000000e+02
1.098000000000000000e+03 1.120000000000000000e+02
1.097000000000000000e+03 1.130000000000000000e+02
1.097000000000000000e+03 1.130000000000000000e+02
1.096000000000000000e+03 1.130000000000000000e+02
1.096000000000000000e+03 1.130000000000000000e+02
1.095000000000000000e+03 1.140000000000000000e+02
1.095000000000000000e+03 1.140000000000000000e+02
1.094000000000000000e+03 1.140000000000000000e+02
1.094000000000000000e+03 1.140000000000000000e+02
1.093000000000000000e+03 1.140000000000000000e+02
1.093000000000000000e+03 1.130000000000000000e+02
1.092000000000000000e+03 1.140000000000000000e+02
1.091000000000000000e+03 1.140000000000000000e+02
1.091000000000000000e+03 1.140000000000000000e+02
1.090000000000000000e+03 1.140000000000000000e+02
1.089000000000000000e+03 1.140000000000000000e+02
1.089000000000000000e+03 1.150000000000000000e+02
1.088000000000000000e+03 1.150000000000000000e+02
1.087000000000000000e+03 1.150000000000000000e+02
1.087000000000000000e+03 1.150000000000000000e+02
1.086000000000000000e+03 1.150000000000000000e+02
1.086000000000000000e+03 1.150000000000000000e+02
1.085000000000000000e+03 1.150000000000000000e+02
1.084000000000000000e+03 1.160000000000000000e+02
1.083000000000000000e+03 1.160000000000000000e+02
1.083000000000000000e+03 1.170000000000000000e+02
1.083000000000000000e+03 1.170000000000000000e+02
1.082000000000000000e+03 1.170000000000000000e+02
1.082000000000000000e+03 1.170000000000000000e+02
1.081000000000000000e+03 1.170000000000000000e+02
1.080000000000000000e+03 1.170000000000000000e+02
1.080000000000000000e+03 1.170000000000000000e+02
1.079000000000000000e+03 1.180000000000000000e+02
1.079000000000000000e+03 1.180000000000000000e+02
1.078000000000000000e+03 1.190000000000000000e+02
1.077000000000000000e+03 1.190000000000000000e+02
1.076000000000000000e+03 1.190000000000000000e+02
1.075000000000000000e+03 1.190000000000000000e+02
1.075000000000000000e+03 1.200000000000000000e+02
1.074000000000000000e+03 1.200000000000000000e+02
1.074000000000000000e+03 1.200000000000000000e+02
1.073000000000000000e+03 1.210000000000000000e+02
1.073000000000000000e+03 1.200000000000000000e+02
1.072000000000000000e+03 1.210000000000000000e+02
1.072000000000000000e+03 1.210000000000000000e+02
1.071000000000000000e+03 1.210000000000000000e+02
1.071000000000000000e+03 1.210000000000000000e+02
1.071000000000000000e+03 1.210000000000000000e+02
1.070000000000000000e+03 1.210000000000000000e+02
1.070000000000000000e+03 1.210000000000000000e+02
1.069000000000000000e+03 1.220000000000000000e+02
1.068000000000000000e+03 1.220000000000000000e+02
1.068000000000000000e+03 1.230000000000000000e+02
1.067000000000000000e+03 1.230000000000000000e+02
1.066000000000000000e+03 1.230000000000000000e+02
1.066000000000000000e+03 1.230000000000000000e+02
1.065000000000000000e+03 1.230000000000000000e+02
1.065000000000000000e+03 1.230000000000000000e+02
1.064000000000000000e+03 1.240000000000000000e+02
1.064000000000000000e+03 1.240000000000000000e+02
1.063000000000000000e+03 1.240000000000000000e+02
1.063000000000000000e+03 1.250000000000000000e+02
1.062000000000000000e+03 1.250000000000000000e+02
1.062000000000000000e+03 1.260000000000000000e+02
1.061000000000000000e+03 1.260000000000000000e+02
1.061000000000000000e+03 1.250000000000000000e+02
1.060000000000000000e+03 1.250000000000000000e+02
1.059000000000000000e+03 1.250000000000000000e+02
1.059000000000000000e+03 1.260000000000000000e+02
1.058000000000000000e+03 1.260000000000000000e+02
1.058000000000000000e+03 1.270000000000000000e+02
1.058000000000000000e+03 1.270000000000000000e+02
1.055000000000000000e+03 1.270000000000000000e+02
1.057000000000000000e+03 1.280000000000000000e+02
1.055000000000000000e+03 1.270000000000000000e+02
1.055000000000000000e+03 1.280000000000000000e+02
1.055000000000000000e+03 1.280000000000000000e+02
1.054000000000000000e+03 1.280000000000000000e+02
1.054000000000000000e+03 1.280000000000000000e+02
1.053000000000000000e+03 1.280000000000000000e+02
1.053000000000000000e+03 1.290000000000000000e+02
1.052000000000000000e+03 1.290000000000000000e+02
1.051000000000000000e+03 1.290000000000000000e+02
1.051000000000000000e+03 1.290000000000000000e+02
1.051000000000000000e+03 1.290000000000000000e+02
1.051000000000000000e+03 1.290000000000000000e+02
1.050000000000000000e+03 1.300000000000000000e+02
1.049000000000000000e+03 1.300000000000000000e+02
1.049000000000000000e+03 1.300000000000000000e+02
1.049000000000000000e+03 1.310000000000000000e+02
1.047000000000000000e+03 1.310000000000000000e+02
1.048000000000000000e+03 1.310000000000000000e+02
1.048000000000000000e+03 1.320000000000000000e+02
1.047000000000000000e+03 1.320000000000000000e+02
1.047000000000000000e+03 1.320000000000000000e+02
1.046000000000000000e+03 1.320000000000000000e+02
1.045000000000000000e+03 1.320000000000000000e+02
1.045000000000000000e+03 1.330000000000000000e+02
1.045000000000000000e+03 1.330000000000000000e+02
1.045000000000000000e+03 1.330000000000000000e+02
1.044000000000000000e+03 1.330000000000000000e+02
1.044000000000000000e+03 1.340000000000000000e+02
1.044000000000000000e+03 1.340000000000000000e+02
1.044000000000000000e+03 1.340000000000000000e+02
1.043000000000000000e+03 1.340000000000000000e+02
1.043000000000000000e+03 1.340000000000000000e+02
1.042000000000000000e+03 1.340000000000000000e+02
1.042000000000000000e+03 1.350000000000000000e+02
1.042000000000000000e+03 1.350000000000000000e+02
1.041000000000000000e+03 1.350000000000000000e+02
1.041000000000000000e+03 1.350000000000000000e+02
1.040000000000000000e+03 1.360000000000000000e+02
1.040000000000000000e+03 1.360000000000000000e+02
1.040000000000000000e+03 1.360000000000000000e+02
1.040000000000000000e+03 1.370000000000000000e+02
1.039000000000000000e+03 1.370000000000000000e+02
1.036000000000000000e+03 1.350000000000000000e+02
1.036000000000000000e+03 1.350000000000000000e+02
1.036000000000000000e+03 1.370000000000000000e+02
1.036000000000000000e+03 1.370000000000000000e+02
1.039000000000000000e+03 1.360000000000000000e+02
1.039000000000000000e+03 1.360000000000000000e+02
1.038000000000000000e+03 1.380000000000000000e+02
1.038000000000000000e+03 1.380000000000000000e+02
1.038000000000000000e+03 1.380000000000000000e+02
1.037000000000000000e+03 1.380000000000000000e+02
1.037000000000000000e+03 1.390000000000000000e+02
1.037000000000000000e+03 1.390000000000000000e+02
1.036000000000000000e+03 1.390000000000000000e+02
1.036000000000000000e+03 1.390000000000000000e+02
1.036000000000000000e+03 1.390000000000000000e+02
1.035000000000000000e+03 1.390000000000000000e+02
1.034000000000000000e+03 1.390000000000000000e+02
1.033000000000000000e+03 1.390000000000000000e+02
1.033000000000000000e+03 1.390000000000000000e+02
1.032000000000000000e+03 1.400000000000000000e+02
1.032000000000000000e+03 1.400000000000000000e+02
1.032000000000000000e+03 1.400000000000000000e+02
1.032000000000000000e+03 1.410000000000000000e+02
1.033000000000000000e+03 1.400000000000000000e+02
1.032000000000000000e+03 1.410000000000000000e+02
1.032000000000000000e+03 1.410000000000000000e+02
1.032000000000000000e+03 1.410000000000000000e+02
1.031000000000000000e+03 1.410000000000000000e+02
1.030000000000000000e+03 1.410000000000000000e+02
1.030000000000000000e+03 1.420000000000000000e+02
1.029000000000000000e+03 1.420000000000000000e+02
1.029000000000000000e+03 1.420000000000000000e+02
1.029000000000000000e+03 1.420000000000000000e+02
1.029000000000000000e+03 1.430000000000000000e+02
1.028000000000000000e+03 1.430000000000000000e+02
1.028000000000000000e+03 1.430000000000000000e+02
1.027000000000000000e+03 1.430000000000000000e+02
1.027000000000000000e+03 1.430000000000000000e+02
1.024000000000000000e+03 1.430000000000000000e+02
1.023000000000000000e+03 1.430000000000000000e+02
1.026000000000000000e+03 1.440000000000000000e+02
1.024000000000000000e+03 1.440000000000000000e+02
1.023000000000000000e+03 1.440000000000000000e+02
1.025000000000000000e+03 1.440000000000000000e+02
1.024000000000000000e+03 1.450000000000000000e+02
1.024000000000000000e+03 1.450000000000000000e+02
1.024000000000000000e+03 1.450000000000000000e+02
1.023000000000000000e+03 1.450000000000000000e+02
1.023000000000000000e+03 1.450000000000000000e+02
1.022000000000000000e+03 1.450000000000000000e+02
1.022000000000000000e+03 1.460000000000000000e+02
1.021000000000000000e+03 1.460000000000000000e+02
1.020000000000000000e+03 1.460000000000000000e+02
1.020000000000000000e+03 1.460000000000000000e+02
1.020000000000000000e+03 1.470000000000000000e+02
1.019000000000000000e+03 1.470000000000000000e+02
1.019000000000000000e+03 1.470000000000000000e+02
1.019000000000000000e+03 1.470000000000000000e+02
1.019000000000000000e+03 1.480000000000000000e+02
1.019000000000000000e+03 1.480000000000000000e+02
1.016000000000000000e+03 1.480000000000000000e+02
1.016000000000000000e+03 1.480000000000000000e+02
1.018000000000000000e+03 1.480000000000000000e+02
1.018000000000000000e+03 1.490000000000000000e+02
1.017000000000000000e+03 1.490000000000000000e+02
1.017000000000000000e+03 1.490000000000000000e+02
1.017000000000000000e+03 1.480000000000000000e+02
1.016000000000000000e+03 1.480000000000000000e+02
1.016000000000000000e+03 1.500000000000000000e+02
1.015000000000000000e+03 1.500000000000000000e+02
1.015000000000000000e+03 1.490000000000000000e+02
1.014000000000000000e+03 1.490000000000000000e+02
1.014000000000000000e+03 1.490000000000000000e+02
1.013000000000000000e+03 1.490000000000000000e+02
1.014000000000000000e+03 1.510000000000000000e+02
1.014000000000000000e+03 1.510000000000000000e+02
1.014000000000000000e+03 1.510000000000000000e+02
1.014000000000000000e+03 1.510000000000000000e+02
1.014000000000000000e+03 1.510000000000000000e+02
1.014000000000000000e+03 1.510000000000000000e+02
1.014000000000000000e+03 1.510000000000000000e+02
1.014000000000000000e+03 1.520000000000000000e+02
1.014000000000000000e+03 1.520000000000000000e+02
1.014000000000000000e+03 1.520000000000000000e+02
1.014000000000000000e+03 1.520000000000000000e+02
1.014000000000000000e+03 1.520000000000000000e+02
1.014000000000000000e+03 1.520000000000000000e+02
1.014000000000000000e+03 1.530000000000000000e+02
1.014000000000000000e+03 1.530000000000000000e+02
1.013000000000000000e+03 1.530000000000000000e+02
1.013000000000000000e+03 1.530000000000000000e+02
1.013000000000000000e+03 1.540000000000000000e+02
1.012000000000000000e+03 1.540000000000000000e+02
1.012000000000000000e+03 1.540000000000000000e+02
1.012000000000000000e+03 1.540000000000000000e+02
1.011000000000000000e+03 1.550000000000000000e+02
1.012000000000000000e+03 1.550000000000000000e+02
1.012000000000000000e+03 1.550000000000000000e+02
1.011000000000000000e+03 1.550000000000000000e+02
1.010000000000000000e+03 1.550000000000000000e+02
1.010000000000000000e+03 1.550000000000000000e+02
1.010000000000000000e+03 1.560000000000000000e+02
1.010000000000000000e+03 1.560000000000000000e+02
1.010000000000000000e+03 1.560000000000000000e+02
1.010000000000000000e+03 1.560000000000000000e+02
1.010000000000000000e+03 1.560000000000000000e+02
1.010000000000000000e+03 1.570000000000000000e+02
1.009000000000000000e+03 1.570000000000000000e+02
1.009000000000000000e+03 1.570000000000000000e+02
1.009000000000000000e+03 1.570000000000000000e+02
1.009000000000000000e+03 1.580000000000000000e+02
1.009000000000000000e+03 1.580000000000000000e+02
1.009000000000000000e+03 1.580000000000000000e+02
1.009000000000000000e+03 1.580000000000000000e+02
1.009000000000000000e+03 1.580000000000000000e+02
1.008000000000000000e+03 1.580000000000000000e+02
1.008000000000000000e+03 1.580000000000000000e+02
1.008000000000000000e+03 1.580000000000000000e+02
1.008000000000000000e+03 1.580000000000000000e+02
1.008000000000000000e+03 1.580000000000000000e+02
1.008000000000000000e+03 1.590000000000000000e+02
1.007000000000000000e+03 1.590000000000000000e+02
1.007000000000000000e+03 1.600000000000000000e+02
1.007000000000000000e+03 1.590000000000000000e+02
1.007000000000000000e+03 1.590000000000000000e+02
1.007000000000000000e+03 1.590000000000000000e+02
1.007000000000000000e+03 1.590000000000000000e+02
1.006000000000000000e+03 1.610000000000000000e+02
1.006000000000000000e+03 1.610000000000000000e+02
1.006000000000000000e+03 1.610000000000000000e+02
1.002000000000000000e+03 1.610000000000000000e+02
1.003000000000000000e+03 1.600000000000000000e+02
1.004000000000000000e+03 1.610000000000000000e+02
1.004000000000000000e+03 1.610000000000000000e+02
1.003000000000000000e+03 1.610000000000000000e+02
1.003000000000000000e+03 1.610000000000000000e+02
1.003000000000000000e+03 1.610000000000000000e+02
1.003000000000000000e+03 1.610000000000000000e+02
1.003000000000000000e+03 1.610000000000000000e+02
1.003000000000000000e+03 1.610000000000000000e+02
1.002000000000000000e+03 1.610000000000000000e+02
1.002000000000000000e+03 1.610000000000000000e+02
1.000000000000000000e+03 1.610000000000000000e+02
1.000000000000000000e+03 1.610000000000000000e+02
9.990000000000000000e+02 1.610000000000000000e+02
9.990000000000000000e+02 1.610000000000000000e+02
9.990000000000000000e+02 1.620000000000000000e+02
9.990000000000000000e+02 1.630000000000000000e+02
1.000000000000000000e+03 1.630000000000000000e+02
1.000000000000000000e+03 1.630000000000000000e+02
9.990000000000000000e+02 1.630000000000000000e+02
9.990000000000000000e+02 1.630000000000000000e+02
9.990000000000000000e+02 1.630000000000000000e+02
9.990000000000000000e+02 1.630000000000000000e+02
9.990000000000000000e+02 1.640000000000000000e+02
9.990000000000000000e+02 1.630000000000000000e+02
9.980000000000000000e+02 1.640000000000000000e+02
9.980000000000000000e+02 1.630000000000000000e+02
9.970000000000000000e+02 1.630000000000000000e+02
9.970000000000000000e+02 1.640000000000000000e+02
9.970000000000000000e+02 1.630000000000000000e+02
9.970000000000000000e+02 1.630000000000000000e+02
9.970000000000000000e+02 1.630000000000000000e+02
9.970000000000000000e+02 1.630000000000000000e+02
9.970000000000000000e+02 1.630000000000000000e+02
9.970000000000000000e+02 1.630000000000000000e+02
9.970000000000000000e+02 1.630000000000000000e+02
9.970000000000000000e+02 1.630000000000000000e+02
9.970000000000000000e+02 1.630000000000000000e+02
9.970000000000000000e+02 1.630000000000000000e+02
1.011000000000000000e+03 1.630000000000000000e+02
1.012000000000000000e+03 1.630000000000000000e+02
1.013000000000000000e+03 1.630000000000000000e+02
1.013000000000000000e+03 1.630000000000000000e+02
1.014000000000000000e+03 1.630000000000000000e+02
1.014000000000000000e+03 1.630000000000000000e+02
1.014000000000000000e+03 1.630000000000000000e+02
1.014000000000000000e+03 1.640000000000000000e+02
1.014000000000000000e+03 1.640000000000000000e+02
1.015000000000000000e+03 1.640000000000000000e+02
1.015000000000000000e+03 1.640000000000000000e+02
1.015000000000000000e+03 1.640000000000000000e+02
1.015000000000000000e+03 1.640000000000000000e+02
1.015000000000000000e+03 1.640000000000000000e+02
1.015000000000000000e+03 1.640000000000000000e+02
1.015000000000000000e+03 1.650000000000000000e+02
1.015000000000000000e+03 1.650000000000000000e+02
1.015000000000000000e+03 1.650000000000000000e+02
1.015000000000000000e+03 1.650000000000000000e+02
1.016000000000000000e+03 1.640000000000000000e+02
1.016000000000000000e+03 1.640000000000000000e+02
1.016000000000000000e+03 1.640000000000000000e+02
1.016000000000000000e+03 1.640000000000000000e+02
1.015000000000000000e+03 1.640000000000000000e+02
1.016000000000000000e+03 1.640000000000000000e+02
1.016000000000000000e+03 1.650000000000000000e+02
1.018000000000000000e+03 1.650000000000000000e+02
1.019000000000000000e+03 1.660000000000000000e+02
1.020000000000000000e+03 1.660000000000000000e+02
1.020000000000000000e+03 1.660000000000000000e+02
1.020000000000000000e+03 1.660000000000000000e+02
1.020000000000000000e+03 1.650000000000000000e+02
1.020000000000000000e+03 1.660000000000000000e+02
1.020000000000000000e+03 1.650000000000000000e+02
1.020000000000000000e+03 1.650000000000000000e+02
1.020000000000000000e+03 1.650000000000000000e+02
1.020000000000000000e+03 1.670000000000000000e+02
1.021000000000000000e+03 1.650000000000000000e+02
1.021000000000000000e+03 1.650000000000000000e+02
1.021000000000000000e+03 1.640000000000000000e+02
1.021000000000000000e+03 1.640000000000000000e+02
1.022000000000000000e+03 1.640000000000000000e+02
1.023000000000000000e+03 1.640000000000000000e+02
1.023000000000000000e+03 1.640000000000000000e+02
1.024000000000000000e+03 1.640000000000000000e+02
1.024000000000000000e+03 1.640000000000000000e+02
1.025000000000000000e+03 1.640000000000000000e+02
1.025000000000000000e+03 1.640000000000000000e+02
1.025000000000000000e+03 1.640000000000000000e+02
1.025000000000000000e+03 1.640000000000000000e+02
1.025000000000000000e+03 1.640000000000000000e+02
1.026000000000000000e+03 1.640000000000000000e+02
1.026000000000000000e+03 1.640000000000000000e+02
1.026000000000000000e+03 1.640000000000000000e+02
1.026000000000000000e+03 1.640000000000000000e+02
1.027000000000000000e+03 1.640000000000000000e+02
1.027000000000000000e+03 1.650000000000000000e+02
1.027000000000000000e+03 1.640000000000000000e+02
1.027000000000000000e+03 1.660000000000000000e+02
1.027000000000000000e+03 1.650000000000000000e+02
1.027000000000000000e+03 1.650000000000000000e+02
1.027000000000000000e+03 1.640000000000000000e+02
1.027000000000000000e+03 1.640000000000000000e+02
1.028000000000000000e+03 1.640000000000000000e+02
1.028000000000000000e+03 1.640000000000000000e+02
1.028000000000000000e+03 1.630000000000000000e+02
1.028000000000000000e+03 1.640000000000000000e+02
1.029000000000000000e+03 1.640000000000000000e+02
1.029000000000000000e+03 1.640000000000000000e+02
1.029000000000000000e+03 1.640000000000000000e+02
1.029000000000000000e+03 1.640000000000000000e+02
1.028000000000000000e+03 1.640000000000000000e+02
1.029000000000000000e+03 1.640000000000000000e+02
1.028000000000000000e+03 1.640000000000000000e+02
1.028000000000000000e+03 1.640000000000000000e+02
1.028000000000000000e+03 1.640000000000000000e+02
1.027000000000000000e+03 1.640000000000000000e+02
1.024000000000000000e+03 1.640000000000000000e+02
1.024000000000000000e+03 1.640000000000000000e+02
1.025000000000000000e+03 1.640000000000000000e+02
1.026000000000000000e+03 1.640000000000000000e+02
1.026000000000000000e+03 1.650000000000000000e+02
1.025000000000000000e+03 1.650000000000000000e+02
1.025000000000000000e+03 1.640000000000000000e+02
1.025000000000000000e+03 1.650000000000000000e+02
1.025000000000000000e+03 1.640000000000000000e+02
1.025000000000000000e+03 1.640000000000000000e+02
1.024000000000000000e+03 1.650000000000000000e+02
1.024000000000000000e+03 1.640000000000000000e+02
1.024000000000000000e+03 1.640000000000000000e+02
1.023000000000000000e+03 1.640000000000000000e+02
1.023000000000000000e+03 1.640000000000000000e+02
1.023000000000000000e+03 1.640000000000000000e+02
1.023000000000000000e+03 1.640000000000000000e+02
1.023000000000000000e+03 1.650000000000000000e+02
1.022000000000000000e+03 1.640000000000000000e+02
1.022000000000000000e+03 1.640000000000000000e+02
1.022000000000000000e+03 1.640000000000000000e+02
1.021000000000000000e+03 1.640000000000000000e+02
1.021000000000000000e+03 1.640000000000000000e+02
1.021000000000000000e+03 1.640000000000000000e+02
1.021000000000000000e+03 1.640000000000000000e+02
1.020000000000000000e+03 1.640000000000000000e+02
1.019000000000000000e+03 1.640000000000000000e+02
1.019000000000000000e+03 1.640000000000000000e+02
1.019000000000000000e+03 1.640000000000000000e+02
1.019000000000000000e+03 1.640000000000000000e+02
1.019000000000000000e+03 1.640000000000000000e+02
1.019000000000000000e+03 1.640000000000000000e+02
1.019000000000000000e+03 1.640000000000000000e+02
1.018000000000000000e+03 1.640000000000000000e+02
1.018000000000000000e+03 1.650000000000000000e+02
1.018000000000000000e+03 1.640000000000000000e+02
1.018000000000000000e+03 1.640000000000000000e+02
1.017000000000000000e+03 1.640000000000000000e+02
1.017000000000000000e+03 1.640000000000000000e+02
1.017000000000000000e+03 1.640000000000000000e+02
1.017000000000000000e+03 1.640000000000000000e+02
1.017000000000000000e+03 1.640000000000000000e+02
1.016000000000000000e+03 1.640000000000000000e+02
1.016000000000000000e+03 1.640000000000000000e+02
1.016000000000000000e+03 1.640000000000000000e+02
1.016000000000000000e+03 1.640000000000000000e+02
1.016000000000000000e+03 1.640000000000000000e+02
1.016000000000000000e+03 1.640000000000000000e+02
1.016000000000000000e+03 1.640000000000000000e+02
1.016000000000000000e+03 1.640000000000000000e+02
1.016000000000000000e+03 1.650000000000000000e+02
1.015000000000000000e+03 1.650000000000000000e+02
1.015000000000000000e+03 1.650000000000000000e+02
1.015000000000000000e+03 1.650000000000000000e+02
1.015000000000000000e+03 1.650000000000000000e+02
1.015000000000000000e+03 1.650000000000000000e+02
1.015000000000000000e+03 1.660000000000000000e+02
1.015000000000000000e+03 1.660000000000000000e+02
1.015000000000000000e+03 1.670000000000000000e+02
1.015000000000000000e+03 1.670000000000000000e+02
1.015000000000000000e+03 1.680000000000000000e+02
1.015000000000000000e+03 1.680000000000000000e+02
1.015000000000000000e+03 1.690000000000000000e+02
1.015000000000000000e+03 1.690000000000000000e+02
1.015000000000000000e+03 1.700000000000000000e+02
1.015000000000000000e+03 1.700000000000000000e+02
1.015000000000000000e+03 1.710000000000000000e+02
1.015000000000000000e+03 1.720000000000000000e+02
1.013000000000000000e+03 1.730000000000000000e+02
1.013000000000000000e+03 1.730000000000000000e+02
1.012000000000000000e+03 1.730000000000000000e+02
1.011000000000000000e+03 1.730000000000000000e+02
1.011000000000000000e+03 1.740000000000000000e+02
1.011000000000000000e+03 1.740000000000000000e+02
1.010000000000000000e+03 1.750000000000000000e+02
1.010000000000000000e+03 1.760000000000000000e+02
1.008000000000000000e+03 1.760000000000000000e+02
1.008000000000000000e+03 1.760000000000000000e+02
1.007000000000000000e+03 1.770000000000000000e+02
1.006000000000000000e+03 1.770000000000000000e+02
1.005000000000000000e+03 1.780000000000000000e+02
1.004000000000000000e+03 1.790000000000000000e+02
1.003000000000000000e+03 1.800000000000000000e+02
1.002000000000000000e+03 1.800000000000000000e+02
1.000000000000000000e+03 1.800000000000000000e+02
9.990000000000000000e+02 1.810000000000000000e+02
9.970000000000000000e+02 1.820000000000000000e+02
9.960000000000000000e+02 1.820000000000000000e+02
9.930000000000000000e+02 1.830000000000000000e+02
9.910000000000000000e+02 1.840000000000000000e+02
9.900000000000000000e+02 1.850000000000000000e+02
9.890000000000000000e+02 1.870000000000000000e+02
9.880000000000000000e+02 1.880000000000000000e+02
9.870000000000000000e+02 1.890000000000000000e+02
9.860000000000000000e+02 1.890000000000000000e+02
9.710000000000000000e+02 1.900000000000000000e+02
9.730000000000000000e+02 1.900000000000000000e+02
9.720000000000000000e+02 1.910000000000000000e+02
9.710000000000000000e+02 1.920000000000000000e+02
9.680000000000000000e+02 1.930000000000000000e+02
9.680000000000000000e+02 1.940000000000000000e+02
9.630000000000000000e+02 1.940000000000000000e+02
9.630000000000000000e+02 1.950000000000000000e+02
9.630000000000000000e+02 1.960000000000000000e+02
9.590000000000000000e+02 1.960000000000000000e+02
9.580000000000000000e+02 1.960000000000000000e+02
9.570000000000000000e+02 1.970000000000000000e+02
9.550000000000000000e+02 1.980000000000000000e+02
9.550000000000000000e+02 1.990000000000000000e+02
9.540000000000000000e+02 1.990000000000000000e+02
9.540000000000000000e+02 1.990000000000000000e+02
9.470000000000000000e+02 1.990000000000000000e+02
9.440000000000000000e+02 2.000000000000000000e+02
9.440000000000000000e+02 2.020000000000000000e+02
9.460000000000000000e+02 2.030000000000000000e+02
9.360000000000000000e+02 2.030000000000000000e+02
9.540000000000000000e+02 2.040000000000000000e+02
9.530000000000000000e+02 2.050000000000000000e+02
9.510000000000000000e+02 2.050000000000000000e+02
9.500000000000000000e+02 2.050000000000000000e+02
9.490000000000000000e+02 2.070000000000000000e+02
9.470000000000000000e+02 2.070000000000000000e+02
9.450000000000000000e+02 2.080000000000000000e+02
9.450000000000000000e+02 2.080000000000000000e+02
9.430000000000000000e+02 2.070000000000000000e+02
9.400000000000000000e+02 2.070000000000000000e+02
9.390000000000000000e+02 2.070000000000000000e+02
9.380000000000000000e+02 2.070000000000000000e+02
9.380000000000000000e+02 2.070000000000000000e+02
9.380000000000000000e+02 2.070000000000000000e+02
9.380000000000000000e+02 2.060000000000000000e+02
9.350000000000000000e+02 2.060000000000000000e+02
9.360000000000000000e+02 2.060000000000000000e+02
9.340000000000000000e+02 2.050000000000000000e+02
9.320000000000000000e+02 2.040000000000000000e+02
9.310000000000000000e+02 2.030000000000000000e+02
9.320000000000000000e+02 2.020000000000000000e+02
9.300000000000000000e+02 2.020000000000000000e+02
9.300000000000000000e+02 2.010000000000000000e+02
9.290000000000000000e+02 2.020000000000000000e+02
9.280000000000000000e+02 2.010000000000000000e+02
9.270000000000000000e+02 2.000000000000000000e+02
9.270000000000000000e+02 1.990000000000000000e+02
9.270000000000000000e+02 1.980000000000000000e+02
9.260000000000000000e+02 1.970000000000000000e+02
9.260000000000000000e+02 1.960000000000000000e+02
9.260000000000000000e+02 1.960000000000000000e+02
9.250000000000000000e+02 1.950000000000000000e+02
9.250000000000000000e+02 1.950000000000000000e+02
9.250000000000000000e+02 1.930000000000000000e+02
9.240000000000000000e+02 1.930000000000000000e+02
9.240000000000000000e+02 1.920000000000000000e+02
9.230000000000000000e+02 1.900000000000000000e+02
9.220000000000000000e+02 1.900000000000000000e+02
9.220000000000000000e+02 1.890000000000000000e+02
9.210000000000000000e+02 1.890000000000000000e+02
9.190000000000000000e+02 1.880000000000000000e+02
9.190000000000000000e+02 1.870000000000000000e+02
9.190000000000000000e+02 1.860000000000000000e+02
9.180000000000000000e+02 1.850000000000000000e+02
9.180000000000000000e+02 1.840000000000000000e+02
9.170000000000000000e+02 1.840000000000000000e+02
9.160000000000000000e+02 1.830000000000000000e+02
9.160000000000000000e+02 1.830000000000000000e+02
9.160000000000000000e+02 1.820000000000000000e+02
9.150000000000000000e+02 1.810000000000000000e+02
9.150000000000000000e+02 1.800000000000000000e+02
9.140000000000000000e+02 1.800000000000000000e+02
9.130000000000000000e+02 1.790000000000000000e+02
9.120000000000000000e+02 1.780000000000000000e+02
9.120000000000000000e+02 1.780000000000000000e+02
9.110000000000000000e+02 1.770000000000000000e+02
9.100000000000000000e+02 1.760000000000000000e+02
9.090000000000000000e+02 1.750000000000000000e+02
9.080000000000000000e+02 1.740000000000000000e+02
9.080000000000000000e+02 1.730000000000000000e+02
9.070000000000000000e+02 1.720000000000000000e+02
9.060000000000000000e+02 1.710000000000000000e+02
9.060000000000000000e+02 1.710000000000000000e+02
9.050000000000000000e+02 1.710000000000000000e+02
9.050000000000000000e+02 1.700000000000000000e+02
9.040000000000000000e+02 1.680000000000000000e+02
9.030000000000000000e+02 1.670000000000000000e+02
9.020000000000000000e+02 1.670000000000000000e+02
9.010000000000000000e+02 1.660000000000000000e+02
9.000000000000000000e+02 1.650000000000000000e+02
8.990000000000000000e+02 1.650000000000000000e+02
8.980000000000000000e+02 1.640000000000000000e+02
8.970000000000000000e+02 1.630000000000000000e+02
8.960000000000000000e+02 1.610000000000000000e+02
8.950000000000000000e+02 1.620000000000000000e+02
8.940000000000000000e+02 1.620000000000000000e+02
8.930000000000000000e+02 1.610000000000000000e+02
8.920000000000000000e+02 1.610000000000000000e+02
8.910000000000000000e+02 1.600000000000000000e+02
8.910000000000000000e+02 1.600000000000000000e+02
8.900000000000000000e+02 1.590000000000000000e+02
8.890000000000000000e+02 1.590000000000000000e+02
8.880000000000000000e+02 1.580000000000000000e+02
8.870000000000000000e+02 1.570000000000000000e+02
8.860000000000000000e+02 1.570000000000000000e+02
8.850000000000000000e+02 1.570000000000000000e+02
8.830000000000000000e+02 1.570000000000000000e+02
8.820000000000000000e+02 1.560000000000000000e+02
8.800000000000000000e+02 1.550000000000000000e+02
8.790000000000000000e+02 1.540000000000000000e+02
8.770000000000000000e+02 1.540000000000000000e+02
8.760000000000000000e+02 1.530000000000000000e+02
8.750000000000000000e+02 1.520000000000000000e+02
8.740000000000000000e+02 1.520000000000000000e+02
8.720000000000000000e+02 1.520000000000000000e+02
8.720000000000000000e+02 1.510000000000000000e+02
8.710000000000000000e+02 1.510000000000000000e+02
8.690000000000000000e+02 1.500000000000000000e+02
8.670000000000000000e+02 1.490000000000000000e+02
8.640000000000000000e+02 1.490000000000000000e+02
8.630000000000000000e+02 1.490000000000000000e+02
8.620000000000000000e+02 1.490000000000000000e+02
8.620000000000000000e+02 1.480000000000000000e+02
8.600000000000000000e+02 1.480000000000000000e+02
8.590000000000000000e+02 1.470000000000000000e+02
8.570000000000000000e+02 1.460000000000000000e+02
8.560000000000000000e+02 1.460000000000000000e+02
8.530000000000000000e+02 1.460000000000000000e+02
8.510000000000000000e+02 1.460000000000000000e+02
8.500000000000000000e+02 1.460000000000000000e+02
8.500000000000000000e+02 1.450000000000000000e+02
8.500000000000000000e+02 1.450000000000000000e+02
8.480000000000000000e+02 1.440000000000000000e+02
8.470000000000000000e+02 1.430000000000000000e+02
8.450000000000000000e+02 1.410000000000000000e+02
8.440000000000000000e+02 1.420000000000000000e+02
8.430000000000000000e+02 1.400000000000000000e+02
8.430000000000000000e+02 1.400000000000000000e+02
8.420000000000000000e+02 1.400000000000000000e+02
8.400000000000000000e+02 1.400000000000000000e+02
8.400000000000000000e+02 1.400000000000000000e+02
8.400000000000000000e+02 1.390000000000000000e+02
8.410000000000000000e+02 1.390000000000000000e+02
8.400000000000000000e+02 1.380000000000000000e+02
8.390000000000000000e+02 1.370000000000000000e+02
8.390000000000000000e+02 1.370000000000000000e+02
8.390000000000000000e+02 1.370000000000000000e+02
8.390000000000000000e+02 1.370000000000000000e+02
8.390000000000000000e+02 1.360000000000000000e+02
8.390000000000000000e+02 1.350000000000000000e+02
8.380000000000000000e+02 1.330000000000000000e+02
8.380000000000000000e+02 1.340000000000000000e+02
8.380000000000000000e+02 1.320000000000000000e+02
8.380000000000000000e+02 1.330000000000000000e+02
8.380000000000000000e+02 1.330000000000000000e+02
8.380000000000000000e+02 1.330000000000000000e+02
8.380000000000000000e+02 1.320000000000000000e+02
8.380000000000000000e+02 1.310000000000000000e+02
8.380000000000000000e+02 1.300000000000000000e+02
8.380000000000000000e+02 1.290000000000000000e+02
8.390000000000000000e+02 1.290000000000000000e+02
8.400000000000000000e+02 1.290000000000000000e+02
8.400000000000000000e+02 1.290000000000000000e+02
8.410000000000000000e+02 1.280000000000000000e+02
8.410000000000000000e+02 1.280000000000000000e+02
8.410000000000000000e+02 1.270000000000000000e+02
8.430000000000000000e+02 1.260000000000000000e+02
8.430000000000000000e+02 1.260000000000000000e+02
8.450000000000000000e+02 1.250000000000000000e+02
8.470000000000000000e+02 1.250000000000000000e+02
8.490000000000000000e+02 1.230000000000000000e+02
8.480000000000000000e+02 1.240000000000000000e+02
8.500000000000000000e+02 1.240000000000000000e+02
8.500000000000000000e+02 1.230000000000000000e+02
8.510000000000000000e+02 1.210000000000000000e+02
8.520000000000000000e+02 1.220000000000000000e+02
8.540000000000000000e+02 1.220000000000000000e+02
8.560000000000000000e+02 1.200000000000000000e+02
8.580000000000000000e+02 1.200000000000000000e+02
8.600000000000000000e+02 1.210000000000000000e+02
8.600000000000000000e+02 1.210000000000000000e+02
8.610000000000000000e+02 1.200000000000000000e+02
8.620000000000000000e+02 1.190000000000000000e+02
8.630000000000000000e+02 1.190000000000000000e+02
8.650000000000000000e+02 1.190000000000000000e+02
8.680000000000000000e+02 1.190000000000000000e+02
8.710000000000000000e+02 1.190000000000000000e+02
8.720000000000000000e+02 1.180000000000000000e+02
8.720000000000000000e+02 1.180000000000000000e+02
8.730000000000000000e+02 1.180000000000000000e+02
8.740000000000000000e+02 1.170000000000000000e+02
8.760000000000000000e+02 1.170000000000000000e+02
8.790000000000000000e+02 1.170000000000000000e+02
8.810000000000000000e+02 1.170000000000000000e+02
8.840000000000000000e+02 1.170000000000000000e+02
8.850000000000000000e+02 1.160000000000000000e+02
8.860000000000000000e+02 1.160000000000000000e+02
8.870000000000000000e+02 1.150000000000000000e+02
8.880000000000000000e+02 1.150000000000000000e+02
8.900000000000000000e+02 1.150000000000000000e+02
8.920000000000000000e+02 1.150000000000000000e+02
8.940000000000000000e+02 1.110000000000000000e+02
8.970000000000000000e+02 1.130000000000000000e+02
8.990000000000000000e+02 1.150000000000000000e+02
9.000000000000000000e+02 1.150000000000000000e+02
9.010000000000000000e+02 1.140000000000000000e+02
9.010000000000000000e+02 1.140000000000000000e+02
9.030000000000000000e+02 1.140000000000000000e+02
9.040000000000000000e+02 1.140000000000000000e+02
9.060000000000000000e+02 1.120000000000000000e+02
9.080000000000000000e+02 1.140000000000000000e+02
9.110000000000000000e+02 1.130000000000000000e+02
9.120000000000000000e+02 1.130000000000000000e+02
9.140000000000000000e+02 1.130000000000000000e+02
9.130000000000000000e+02 1.130000000000000000e+02
9.140000000000000000e+02 1.110000000000000000e+02
9.170000000000000000e+02 1.130000000000000000e+02
9.180000000000000000e+02 1.130000000000000000e+02
9.190000000000000000e+02 1.130000000000000000e+02
9.200000000000000000e+02 1.130000000000000000e+02
9.210000000000000000e+02 1.120000000000000000e+02
9.220000000000000000e+02 1.120000000000000000e+02
9.230000000000000000e+02 1.110000000000000000e+02
9.240000000000000000e+02 1.110000000000000000e+02
9.250000000000000000e+02 1.120000000000000000e+02
9.260000000000000000e+02 1.120000000000000000e+02
9.260000000000000000e+02 1.120000000000000000e+02
9.270000000000000000e+02 1.120000000000000000e+02
9.280000000000000000e+02 1.120000000000000000e+02
9.280000000000000000e+02 1.120000000000000000e+02
9.290000000000000000e+02 1.120000000000000000e+02
9.300000000000000000e+02 1.130000000000000000e+02
9.310000000000000000e+02 1.130000000000000000e+02
9.310000000000000000e+02 1.120000000000000000e+02
9.310000000000000000e+02 1.120000000000000000e+02
9.310000000000000000e+02 1.110000000000000000e+02
9.310000000000000000e+02 1.110000000000000000e+02
9.310000000000000000e+02 1.110000000000000000e+02
9.310000000000000000e+02 1.110000000000000000e+02
9.310000000000000000e+02 1.110000000000000000e+02
9.310000000000000000e+02 1.110000000000000000e+02
9.310000000000000000e+02 1.110000000000000000e+02
9.300000000000000000e+02 1.110000000000000000e+02
9.300000000000000000e+02 1.110000000000000000e+02
9.300000000000000000e+02 1.110000000000000000e+02
9.300000000000000000e+02 1.110000000000000000e+02
9.300000000000000000e+02 1.110000000000000000e+02
9.300000000000000000e+02 1.110000000000000000e+02
9.300000000000000000e+02 1.110000000000000000e+02
9.300000000000000000e+02 1.120000000000000000e+02
9.300000000000000000e+02 1.120000000000000000e+02
9.300000000000000000e+02 1.120000000000000000e+02
9.300000000000000000e+02 1.130000000000000000e+02
9.300000000000000000e+02 1.130000000000000000e+02
9.300000000000000000e+02 1.130000000000000000e+02
9.300000000000000000e+02 1.130000000000000000e+02
9.300000000000000000e+02 1.130000000000000000e+02
9.290000000000000000e+02 9.400000000000000000e+01
9.350000000000000000e+02 9.400000000000000000e+01
9.350000000000000000e+02 9.500000000000000000e+01
9.350000000000000000e+02 9.500000000000000000e+01
9.350000000000000000e+02 9.500000000000000000e+01
9.350000000000000000e+02 9.500000000000000000e+01
9.350000000000000000e+02 9.400000000000000000e+01
9.350000000000000000e+02 9.500000000000000000e+01
9.350000000000000000e+02 9.500000000000000000e+01
9.350000000000000000e+02 9.500000000000000000e+01
9.350000000000000000e+02 9.500000000000000000e+01
9.350000000000000000e+02 9.600000000000000000e+01
9.350000000000000000e+02 9.600000000000000000e+01
9.350000000000000000e+02 9.600000000000000000e+01
9.350000000000000000e+02 9.600000000000000000e+01
9.350000000000000000e+02 9.600000000000000000e+01
9.360000000000000000e+02 9.600000000000000000e+01
9.360000000000000000e+02 9.600000000000000000e+01
9.360000000000000000e+02 9.600000000000000000e+01
9.360000000000000000e+02 9.700000000000000000e+01
9.360000000000000000e+02 9.700000000000000000e+01
9.360000000000000000e+02 9.700000000000000000e+01
9.370000000000000000e+02 9.800000000000000000e+01
9.370000000000000000e+02 9.800000000000000000e+01
