9.150000000000000000e+02 9.000000000000000000e+01
9.150000000000000000e+02 9.000000000000000000e+01
9.150000000000000000e+02 9.300000000000000000e+01
9.150000000000000000e+02 9.300000000000000000e+01
9.150000000000000000e+02 9.300000000000000000e+01
9.150000000000000000e+02 9.300000000000000000e+01
9.140000000000000000e+02 9.400000000000000000e+01
9.140000000000000000e+02 9.400000000000000000e+01
9.140000000000000000e+02 9.500000000000000000e+01
9.140000000000000000e+02 9.500000000000000000e+01
9.140000000000000000e+02 9.500000000000000000e+01
9.140000000000000000e+02 9.500000000000000000e+01
9.140000000000000000e+02 9.500000000000000000e+01
9.130000000000000000e+02 9.500000000000000000e+01
9.130000000000000000e+02 9.600000000000000000e+01
9.130000000000000000e+02 9.600000000000000000e+01
9.130000000000000000e+02 9.900000000000000000e+01
9.130000000000000000e+02 9.900000000000000000e+01
9.130000000000000000e+02 1.000000000000000000e+02
9.130000000000000000e+02 1.000000000000000000e+02
9.130000000000000000e+02 1.000000000000000000e+02
9.130000000000000000e+02 1.000000000000000000e+02
9.130000000000000000e+02 1.000000000000000000e+02
9.130000000000000000e+02 1.000000000000000000e+02
9.130000000000000000e+02 1.010000000000000000e+02
9.130000000000000000e+02 1.010000000000000000e+02
9.130000000000000000e+02 1.020000000000000000e+02
9.130000000000000000e+02 1.020000000000000000e+02
9.130000000000000000e+02 1.020000000000000000e+02
9.130000000000000000e+02 1.010000000000000000e+02
9.130000000000000000e+02 1.010000000000000000e+02
9.130000000000000000e+02 1.010000000000000000e+02
9.130000000000000000e+02 1.010000000000000000e+02
9.130000000000000000e+02 1.020000000000000000e+02
9.130000000000000000e+02 1.020000000000000000e+02
9.130000000000000000e+02 1.030000000000000000e+02
9.130000000000000000e+02 1.030000000000000000e+02
9.130000000000000000e+02 1.030000000000000000e+02
9.130000000000000000e+02 1.030000000000000000e+02
9.130000000000000000e+02 1.030000000000000000e+02
9.130000000000000000e+02 1.040000000000000000e+02
9.130000000000000000e+02 1.040000000000000000e+02
9.130000000000000000e+02 1.040000000000000000e+02
9.130000000000000000e+02 1.050000000000000000e+02
9.130000000000000000e+02 1.050000000000000000e+02
9.130000000000000000e+02 1.060000000000000000e+02
9.130000000000000000e+02 1.060000000000000000e+02
9.130000000000000000e+02 1.060000000000000000e+02
9.130000000000000000e+02 1.060000000000000000e+02
9.130000000000000000e+02 1.060000000000000000e+02
9.130000000000000000e+02 1.060000000000000000e+02
9.130000000000000000e+02 1.060000000000000000e+02
9.140000000000000000e+02 1.070000000000000000e+02
9.140000000000000000e+02 1.070000000000000000e+02
9.140000000000000000e+02 1.080000000000000000e+02
9.140000000000000000e+02 1.080000000000000000e+02
9.140000000000000000e+02 1.080000000000000000e+02
9.150000000000000000e+02 1.080000000000000000e+02
9.130000000000000000e+02 1.080000000000000000e+02
9.150000000000000000e+02 1.080000000000000000e+02
9.150000000000000000e+02 1.080000000000000000e+02
9.150000000000000000e+02 1.090000000000000000e+02
9.150000000000000000e+02 1.090000000000000000e+02
9.150000000000000000e+02 1.090000000000000000e+02
9.140000000000000000e+02 1.100000000000000000e+02
9.150000000000000000e+02 1.100000000000000000e+02
9.130000000000000000e+02 1.100000000000000000e+02
9.160000000000000000e+02 1.100000000000000000e+02
9.160000000000000000e+02 1.100000000000000000e+02
9.160000000000000000e+02 1.110000000000000000e+02
9.160000000000000000e+02 1.110000000000000000e+02
9.170000000000000000e+02 1.130000000000000000e+02
9.170000000000000000e+02 1.120000000000000000e+02
9.170000000000000000e+02 1.120000000000000000e+02
9.170000000000000000e+02 1.130000000000000000e+02
9.170000000000000000e+02 1.120000000000000000e+02
9.170000000000000000e+02 1.130000000000000000e+02
9.180000000000000000e+02 1.140000000000000000e+02
9.190000000000000000e+02 1.140000000000000000e+02
9.190000000000000000e+02 1.150000000000000000e+02
9.180000000000000000e+02 1.150000000000000000e+02
9.180000000000000000e+02 1.160000000000000000e+02
9.190000000000000000e+02 1.160000000000000000e+02
9.190000000000000000e+02 1.150000000000000000e+02
9.200000000000000000e+02 1.150000000000000000e+02
9.200000000000000000e+02 1.150000000000000000e+02
9.210000000000000000e+02 1.170000000000000000e+02
9.210000000000000000e+02 1.150000000000000000e+02
9.220000000000000000e+02 1.170000000000000000e+02
9.220000000000000000e+02 1.170000000000000000e+02
9.220000000000000000e+02 1.170000000000000000e+02
9.220000000000000000e+02 1.170000000000000000e+02
9.230000000000000000e+02 1.160000000000000000e+02
9.230000000000000000e+02 1.160000000000000000e+02
9.240000000000000000e+02 1.180000000000000000e+02
9.240000000000000000e+02 1.190000000000000000e+02
9.250000000000000000e+02 1.180000000000000000e+02
9.250000000000000000e+02 1.190000000000000000e+02
9.260000000000000000e+02 1.200000000000000000e+02
9.260000000000000000e+02 1.200000000000000000e+02
9.260000000000000000e+02 1.200000000000000000e+02
9.270000000000000000e+02 1.190000000000000000e+02
9.270000000000000000e+02 1.200000000000000000e+02
9.280000000000000000e+02 1.190000000000000000e+02
9.280000000000000000e+02 1.200000000000000000e+02
9.280000000000000000e+02 1.200000000000000000e+02
9.290000000000000000e+02 1.200000000000000000e+02
9.290000000000000000e+02 1.210000000000000000e+02
9.290000000000000000e+02 1.220000000000000000e+02
9.300000000000000000e+02 1.220000000000000000e+02
9.300000000000000000e+02 1.210000000000000000e+02
9.310000000000000000e+02 1.210000000000000000e+02
9.310000000000000000e+02 1.210000000000000000e+02
9.310000000000000000e+02 1.210000000000000000e+02
9.320000000000000000e+02 1.210000000000000000e+02
9.320000000000000000e+02 1.210000000000000000e+02
9.320000000000000000e+02 1.210000000000000000e+02
9.320000000000000000e+02 1.210000000000000000e+02
9.330000000000000000e+02 1.210000000000000000e+02
9.330000000000000000e+02 1.210000000000000000e+02
9.330000000000000000e+02 1.230000000000000000e+02
9.340000000000000000e+02 1.220000000000000000e+02
9.340000000000000000e+02 1.240000000000000000e+02
9.340000000000000000e+02 1.240000000000000000e+02
9.340000000000000000e+02 1.240000000000000000e+02
9.350000000000000000e+02 1.250000000000000000e+02
9.350000000000000000e+02 1.250000000000000000e+02
9.360000000000000000e+02 1.250000000000000000e+02
9.360000000000000000e+02 1.250000000000000000e+02
9.360000000000000000e+02 1.240000000000000000e+02
9.360000000000000000e+02 1.260000000000000000e+02
9.370000000000000000e+02 1.240000000000000000e+02
9.380000000000000000e+02 1.240000000000000000e+02
9.380000000000000000e+02 1.240000000000000000e+02
9.380000000000000000e+02 1.240000000000000000e+02
9.390000000000000000e+02 1.260000000000000000e+02
9.390000000000000000e+02 1.260000000000000000e+02
9.390000000000000000e+02 1.260000000000000000e+02
9.400000000000000000e+02 1.270000000000000000e+02
9.400000000000000000e+02 1.280000000000000000e+02
9.400000000000000000e+02 1.270000000000000000e+02
9.400000000000000000e+02 1.280000000000000000e+02
9.410000000000000000e+02 1.280000000000000000e+02
9.410000000000000000e+02 1.280000000000000000e+02
9.420000000000000000e+02 1.300000000000000000e+02
9.420000000000000000e+02 1.300000000000000000e+02
9.420000000000000000e+02 1.300000000000000000e+02
9.430000000000000000e+02 1.280000000000000000e+02
9.430000000000000000e+02 1.280000000000000000e+02
9.430000000000000000e+02 1.280000000000000000e+02
9.430000000000000000e+02 1.280000000000000000e+02
9.430000000000000000e+02 1.300000000000000000e+02
9.430000000000000000e+02 1.320000000000000000e+02
9.430000000000000000e+02 1.310000000000000000e+02
9.430000000000000000e+02 1.310000000000000000e+02
9.430000000000000000e+02 1.310000000000000000e+02
9.430000000000000000e+02 1.310000000000000000e+02
9.430000000000000000e+02 1.310000000000000000e+02
9.430000000000000000e+02 1.320000000000000000e+02
9.420000000000000000e+02 1.330000000000000000e+02
9.420000000000000000e+02 1.320000000000000000e+02
9.420000000000000000e+02 1.320000000000000000e+02
9.420000000000000000e+02 1.320000000000000000e+02
9.410000000000000000e+02 1.320000000000000000e+02
9.410000000000000000e+02 1.320000000000000000e+02
9.410000000000000000e+02 1.320000000000000000e+02
9.410000000000000000e+02 1.320000000000000000e+02
9.400000000000000000e+02 1.340000000000000000e+02
9.400000000000000000e+02 1.330000000000000000e+02
9.400000000000000000e+02 1.330000000000000000e+02
9.400000000000000000e+02 1.350000000000000000e+02
9.390000000000000000e+02 1.340000000000000000e+02
9.390000000000000000e+02 1.340000000000000000e+02
9.380000000000000000e+02 1.340000000000000000e+02
9.380000000000000000e+02 1.350000000000000000e+02
9.390000000000000000e+02 1.360000000000000000e+02
9.380000000000000000e+02 1.360000000000000000e+02
9.380000000000000000e+02 1.360000000000000000e+02
9.350000000000000000e+02 1.350000000000000000e+02
9.350000000000000000e+02 1.370000000000000000e+02
9.350000000000000000e+02 1.360000000000000000e+02
9.340000000000000000e+02 1.370000000000000000e+02
9.340000000000000000e+02 1.370000000000000000e+02
9.340000000000000000e+02 1.370000000000000000e+02
9.330000000000000000e+02 1.370000000000000000e+02
9.330000000000000000e+02 1.370000000000000000e+02
9.330000000000000000e+02 1.370000000000000000e+02
9.330000000000000000e+02 1.370000000000000000e+02
9.320000000000000000e+02 1.370000000000000000e+02
9.320000000000000000e+02 1.370000000000000000e+02
9.320000000000000000e+02 1.370000000000000000e+02
9.310000000000000000e+02 1.370000000000000000e+02
9.310000000000000000e+02 1.390000000000000000e+02
9.300000000000000000e+02 1.390000000000000000e+02
9.300000000000000000e+02 1.400000000000000000e+02
9.300000000000000000e+02 1.400000000000000000e+02
9.300000000000000000e+02 1.400000000000000000e+02
9.290000000000000000e+02 1.400000000000000000e+02
9.290000000000000000e+02 1.390000000000000000e+02
9.290000000000000000e+02 1.400000000000000000e+02
9.300000000000000000e+02 1.380000000000000000e+02
9.300000000000000000e+02 1.380000000000000000e+02
9.300000000000000000e+02 1.380000000000000000e+02
9.300000000000000000e+02 1.390000000000000000e+02
9.300000000000000000e+02 1.390000000000000000e+02
9.300000000000000000e+02 1.400000000000000000e+02
9.300000000000000000e+02 1.400000000000000000e+02
9.310000000000000000e+02 1.400000000000000000e+02
9.310000000000000000e+02 1.400000000000000000e+02
9.310000000000000000e+02 1.410000000000000000e+02
9.320000000000000000e+02 1.410000000000000000e+02
9.320000000000000000e+02 1.410000000000000000e+02
9.320000000000000000e+02 1.410000000000000000e+02
9.330000000000000000e+02 1.410000000000000000e+02
9.340000000000000000e+02 1.410000000000000000e+02
9.340000000000000000e+02 1.410000000000000000e+02
9.350000000000000000e+02 1.420000000000000000e+02
9.350000000000000000e+02 1.420000000000000000e+02
9.360000000000000000e+02 1.420000000000000000e+02
9.360000000000000000e+02 1.430000000000000000e+02
9.360000000000000000e+02 1.430000000000000000e+02
9.370000000000000000e+02 1.440000000000000000e+02
9.370000000000000000e+02 1.440000000000000000e+02
9.370000000000000000e+02 1.450000000000000000e+02
9.370000000000000000e+02 1.450000000000000000e+02
9.370000000000000000e+02 1.450000000000000000e+02
9.370000000000000000e+02 1.460000000000000000e+02
9.050000000000000000e+02 1.570000000000000000e+02
9.060000000000000000e+02 1.570000000000000000e+02
9.070000000000000000e+02 1.570000000000000000e+02
9.070000000000000000e+02 1.570000000000000000e+02
9.080000000000000000e+02 1.570000000000000000e+02
9.080000000000000000e+02 1.570000000000000000e+02
9.090000000000000000e+02 1.560000000000000000e+02
9.090000000000000000e+02 1.560000000000000000e+02
9.100000000000000000e+02 1.550000000000000000e+02
9.100000000000000000e+02 1.550000000000000000e+02
9.100000000000000000e+02 1.550000000000000000e+02
9.110000000000000000e+02 1.540000000000000000e+02
9.110000000000000000e+02 1.540000000000000000e+02
9.100000000000000000e+02 1.540000000000000000e+02
9.090000000000000000e+02 1.550000000000000000e+02
9.090000000000000000e+02 1.550000000000000000e+02
9.090000000000000000e+02 1.550000000000000000e+02
9.090000000000000000e+02 1.550000000000000000e+02
9.090000000000000000e+02 1.550000000000000000e+02
9.090000000000000000e+02 1.540000000000000000e+02
9.100000000000000000e+02 1.540000000000000000e+02
9.130000000000000000e+02 1.530000000000000000e+02
9.110000000000000000e+02 1.520000000000000000e+02
9.110000000000000000e+02 1.510000000000000000e+02
9.140000000000000000e+02 1.510000000000000000e+02
9.140000000000000000e+02 1.500000000000000000e+02
9.150000000000000000e+02 1.500000000000000000e+02
9.170000000000000000e+02 1.500000000000000000e+02
9.140000000000000000e+02 1.490000000000000000e+02
9.150000000000000000e+02 1.500000000000000000e+02
9.160000000000000000e+02 1.490000000000000000e+02
9.200000000000000000e+02 1.470000000000000000e+02
9.200000000000000000e+02 1.480000000000000000e+02
9.200000000000000000e+02 1.470000000000000000e+02
9.200000000000000000e+02 1.460000000000000000e+02
9.210000000000000000e+02 1.440000000000000000e+02
9.220000000000000000e+02 1.450000000000000000e+02
9.230000000000000000e+02 1.430000000000000000e+02
9.250000000000000000e+02 1.450000000000000000e+02
9.250000000000000000e+02 1.430000000000000000e+02
9.270000000000000000e+02 1.440000000000000000e+02
9.270000000000000000e+02 1.420000000000000000e+02
9.280000000000000000e+02 1.410000000000000000e+02
9.280000000000000000e+02 1.410000000000000000e+02
9.290000000000000000e+02 1.400000000000000000e+02
9.290000000000000000e+02 1.390000000000000000e+02
9.310000000000000000e+02 1.400000000000000000e+02
9.320000000000000000e+02 1.400000000000000000e+02
9.330000000000000000e+02 1.390000000000000000e+02
9.340000000000000000e+02 1.400000000000000000e+02
9.350000000000000000e+02 1.380000000000000000e+02
9.360000000000000000e+02 1.370000000000000000e+02
9.360000000000000000e+02 1.360000000000000000e+02
9.370000000000000000e+02 1.370000000000000000e+02
9.380000000000000000e+02 1.350000000000000000e+02
9.390000000000000000e+02 1.360000000000000000e+02
9.470000000000000000e+02 1.490000000000000000e+02
9.470000000000000000e+02 1.490000000000000000e+02
9.470000000000000000e+02 1.490000000000000000e+02
9.420000000000000000e+02 1.360000000000000000e+02
9.430000000000000000e+02 1.350000000000000000e+02
9.450000000000000000e+02 1.340000000000000000e+02
9.460000000000000000e+02 1.310000000000000000e+02
9.470000000000000000e+02 1.310000000000000000e+02
9.460000000000000000e+02 1.310000000000000000e+02
9.490000000000000000e+02 1.310000000000000000e+02
9.490000000000000000e+02 1.310000000000000000e+02
9.490000000000000000e+02 1.310000000000000000e+02
9.500000000000000000e+02 1.310000000000000000e+02
9.500000000000000000e+02 1.310000000000000000e+02
9.500000000000000000e+02 1.310000000000000000e+02
9.510000000000000000e+02 1.300000000000000000e+02
9.510000000000000000e+02 1.290000000000000000e+02
9.510000000000000000e+02 1.290000000000000000e+02
9.520000000000000000e+02 1.290000000000000000e+02
9.510000000000000000e+02 1.290000000000000000e+02
9.520000000000000000e+02 1.290000000000000000e+02
9.520000000000000000e+02 1.290000000000000000e+02
9.520000000000000000e+02 1.290000000000000000e+02
9.530000000000000000e+02 1.280000000000000000e+02
9.530000000000000000e+02 1.270000000000000000e+02
9.540000000000000000e+02 1.250000000000000000e+02
9.540000000000000000e+02 1.240000000000000000e+02
9.540000000000000000e+02 1.230000000000000000e+02
9.550000000000000000e+02 1.240000000000000000e+02
9.550000000000000000e+02 1.240000000000000000e+02
9.550000000000000000e+02 1.260000000000000000e+02
9.550000000000000000e+02 1.240000000000000000e+02
9.560000000000000000e+02 1.300000000000000000e+02
9.560000000000000000e+02 1.300000000000000000e+02
9.570000000000000000e+02 1.300000000000000000e+02
9.570000000000000000e+02 1.290000000000000000e+02
9.570000000000000000e+02 1.290000000000000000e+02
9.570000000000000000e+02 1.290000000000000000e+02
9.580000000000000000e+02 1.280000000000000000e+02
9.580000000000000000e+02 1.270000000000000000e+02
9.580000000000000000e+02 1.270000000000000000e+02
9.580000000000000000e+02 1.250000000000000000e+02
9.590000000000000000e+02 1.240000000000000000e+02
9.590000000000000000e+02 1.250000000000000000e+02
9.590000000000000000e+02 1.240000000000000000e+02
9.590000000000000000e+02 1.240000000000000000e+02
9.600000000000000000e+02 1.240000000000000000e+02
9.600000000000000000e+02 1.230000000000000000e+02
9.610000000000000000e+02 1.220000000000000000e+02
9.610000000000000000e+02 1.210000000000000000e+02
9.610000000000000000e+02 1.210000000000000000e+02
9.610000000000000000e+02 1.200000000000000000e+02
9.610000000000000000e+02 1.200000000000000000e+02
9.620000000000000000e+02 1.200000000000000000e+02
9.620000000000000000e+02 1.200000000000000000e+02
9.620000000000000000e+02 1.190000000000000000e+02
9.620000000000000000e+02 1.180000000000000000e+02
9.620000000000000000e+02 1.180000000000000000e+02
9.630000000000000000e+02 1.170000000000000000e+02
9.630000000000000000e+02 1.160000000000000000e+02
9.630000000000000000e+02 1.150000000000000000e+02
9.630000000000000000e+02 1.150000000000000000e+02
9.640000000000000000e+02 1.150000000000000000e+02
9.640000000000000000e+02 1.150000000000000000e+02
9.650000000000000000e+02 1.140000000000000000e+02
9.650000000000000000e+02 1.130000000000000000e+02
9.650000000000000000e+02 1.130000000000000000e+02
9.650000000000000000e+02 1.120000000000000000e+02
9.660000000000000000e+02 1.120000000000000000e+02
9.660000000000000000e+02 1.110000000000000000e+02
9.660000000000000000e+02 1.110000000000000000e+02
9.660000000000000000e+02 1.110000000000000000e+02
9.660000000000000000e+02 1.110000000000000000e+02
9.660000000000000000e+02 1.100000000000000000e+02
9.670000000000000000e+02 1.090000000000000000e+02
9.670000000000000000e+02 1.090000000000000000e+02
9.670000000000000000e+02 1.080000000000000000e+02
9.670000000000000000e+02 1.080000000000000000e+02
9.680000000000000000e+02 1.070000000000000000e+02
9.680000000000000000e+02 1.070000000000000000e+02
9.680000000000000000e+02 1.070000000000000000e+02
9.700000000000000000e+02 1.070000000000000000e+02
9.700000000000000000e+02 1.060000000000000000e+02
9.690000000000000000e+02 1.060000000000000000e+02
9.700000000000000000e+02 1.050000000000000000e+02
9.700000000000000000e+02 1.040000000000000000e+02
9.700000000000000000e+02 1.040000000000000000e+02
9.710000000000000000e+02 1.030000000000000000e+02
9.710000000000000000e+02 1.030000000000000000e+02
9.710000000000000000e+02 1.030000000000000000e+02
9.710000000000000000e+02 1.030000000000000000e+02
9.710000000000000000e+02 1.030000000000000000e+02
9.710000000000000000e+02 1.020000000000000000e+02
9.720000000000000000e+02 1.030000000000000000e+02
9.720000000000000000e+02 1.030000000000000000e+02
9.720000000000000000e+02 1.000000000000000000e+02
9.730000000000000000e+02 1.000000000000000000e+02
9.730000000000000000e+02 1.000000000000000000e+02
9.730000000000000000e+02 9.900000000000000000e+01
9.730000000000000000e+02 9.900000000000000000e+01
9.740000000000000000e+02 9.900000000000000000e+01
9.740000000000000000e+02 9.800000000000000000e+01
9.750000000000000000e+02 9.800000000000000000e+01
9.750000000000000000e+02 9.700000000000000000e+01
9.750000000000000000e+02 9.700000000000000000e+01
9.750000000000000000e+02 9.600000000000000000e+01
9.750000000000000000e+02 9.600000000000000000e+01
9.750000000000000000e+02 9.600000000000000000e+01
9.760000000000000000e+02 9.500000000000000000e+01
9.760000000000000000e+02 9.500000000000000000e+01
9.760000000000000000e+02 9.500000000000000000e+01
9.760000000000000000e+02 9.400000000000000000e+01
9.760000000000000000e+02 9.400000000000000000e+01
9.760000000000000000e+02 9.300000000000000000e+01
9.760000000000000000e+02 9.300000000000000000e+01
9.770000000000000000e+02 9.300000000000000000e+01
9.770000000000000000e+02 9.200000000000000000e+01
9.770000000000000000e+02 9.200000000000000000e+01
9.770000000000000000e+02 9.100000000000000000e+01
9.770000000000000000e+02 9.100000000000000000e+01
9.770000000000000000e+02 9.000000000000000000e+01
9.770000000000000000e+02 9.000000000000000000e+01
9.770000000000000000e+02 8.900000000000000000e+01
9.770000000000000000e+02 8.900000000000000000e+01
9.770000000000000000e+02 8.900000000000000000e+01
9.770000000000000000e+02 8.900000000000000000e+01
9.770000000000000000e+02 8.900000000000000000e+01
9.770000000000000000e+02 8.800000000000000000e+01
9.770000000000000000e+02 8.800000000000000000e+01
9.770000000000000000e+02 8.700000000000000000e+01
9.770000000000000000e+02 8.700000000000000000e+01
9.770000000000000000e+02 8.700000000000000000e+01
9.770000000000000000e+02 8.700000000000000000e+01
9.770000000000000000e+02 8.700000000000000000e+01
9.770000000000000000e+02 8.600000000000000000e+01
9.770000000000000000e+02 8.600000000000000000e+01
9.770000000000000000e+02 8.500000000000000000e+01
9.770000000000000000e+02 8.500000000000000000e+01
9.770000000000000000e+02 8.400000000000000000e+01
9.770000000000000000e+02 8.400000000000000000e+01
9.760000000000000000e+02 8.400000000000000000e+01
9.760000000000000000e+02 8.400000000000000000e+01
9.760000000000000000e+02 8.400000000000000000e+01
9.760000000000000000e+02 8.300000000000000000e+01
9.750000000000000000e+02 8.300000000000000000e+01
9.750000000000000000e+02 8.200000000000000000e+01
9.750000000000000000e+02 8.200000000000000000e+01
9.740000000000000000e+02 8.100000000000000000e+01
9.740000000000000000e+02 8.100000000000000000e+01
9.740000000000000000e+02 8.100000000000000000e+01
9.740000000000000000e+02 8.100000000000000000e+01
9.740000000000000000e+02 8.100000000000000000e+01
9.740000000000000000e+02 8.200000000000000000e+01
9.740000000000000000e+02 8.000000000000000000e+01
9.730000000000000000e+02 8.000000000000000000e+01
9.730000000000000000e+02 8.100000000000000000e+01
9.730000000000000000e+02 7.900000000000000000e+01
9.720000000000000000e+02 7.900000000000000000e+01
9.720000000000000000e+02 8.000000000000000000e+01
9.720000000000000000e+02 7.800000000000000000e+01
9.720000000000000000e+02 7.800000000000000000e+01
9.710000000000000000e+02 7.800000000000000000e+01
9.710000000000000000e+02 7.800000000000000000e+01
9.700000000000000000e+02 7.800000000000000000e+01
9.690000000000000000e+02 7.700000000000000000e+01
9.690000000000000000e+02 7.600000000000000000e+01
9.690000000000000000e+02 7.600000000000000000e+01
9.680000000000000000e+02 7.800000000000000000e+01
9.680000000000000000e+02 7.600000000000000000e+01
9.680000000000000000e+02 7.800000000000000000e+01
9.680000000000000000e+02 7.800000000000000000e+01
9.670000000000000000e+02 7.600000000000000000e+01
9.670000000000000000e+02 7.600000000000000000e+01
9.660000000000000000e+02 7.500000000000000000e+01
9.660000000000000000e+02 7.500000000000000000e+01
9.650000000000000000e+02 7.600000000000000000e+01
9.640000000000000000e+02 7.600000000000000000e+01
9.640000000000000000e+02 7.600000000000000000e+01
9.630000000000000000e+02 7.600000000000000000e+01
9.630000000000000000e+02 7.500000000000000000e+01
9.620000000000000000e+02 7.400000000000000000e+01
9.610000000000000000e+02 7.400000000000000000e+01
9.610000000000000000e+02 7.500000000000000000e+01
9.610000000000000000e+02 7.300000000000000000e+01
9.600000000000000000e+02 7.300000000000000000e+01
9.600000000000000000e+02 7.300000000000000000e+01
9.590000000000000000e+02 7.300000000000000000e+01
9.590000000000000000e+02 7.300000000000000000e+01
9.590000000000000000e+02 7.500000000000000000e+01
9.580000000000000000e+02 7.500000000000000000e+01
9.580000000000000000e+02 7.500000000000000000e+01
9.570000000000000000e+02 7.500000000000000000e+01
9.570000000000000000e+02 7.500000000000000000e+01
9.570000000000000000e+02 7.400000000000000000e+01
9.560000000000000000e+02 7.400000000000000000e+01
9.550000000000000000e+02 7.400000000000000000e+01
9.550000000000000000e+02 7.200000000000000000e+01
9.550000000000000000e+02 7.200000000000000000e+01
9.540000000000000000e+02 7.400000000000000000e+01
9.540000000000000000e+02 7.300000000000000000e+01
9.530000000000000000e+02 7.300000000000000000e+01
9.530000000000000000e+02 7.300000000000000000e+01
9.520000000000000000e+02 7.300000000000000000e+01
9.510000000000000000e+02 7.300000000000000000e+01
9.510000000000000000e+02 7.500000000000000000e+01
9.510000000000000000e+02 7.500000000000000000e+01
9.500000000000000000e+02 7.500000000000000000e+01
9.490000000000000000e+02 7.500000000000000000e+01
9.490000000000000000e+02 7.500000000000000000e+01
9.480000000000000000e+02 7.500000000000000000e+01
9.480000000000000000e+02 7.500000000000000000e+01
9.470000000000000000e+02 7.600000000000000000e+01
9.470000000000000000e+02 7.600000000000000000e+01
9.470000000000000000e+02 7.600000000000000000e+01
9.460000000000000000e+02 7.600000000000000000e+01
9.460000000000000000e+02 7.500000000000000000e+01
9.460000000000000000e+02 7.500000000000000000e+01
9.450000000000000000e+02 7.500000000000000000e+01
9.450000000000000000e+02 7.500000000000000000e+01
9.450000000000000000e+02 7.500000000000000000e+01
9.450000000000000000e+02 7.500000000000000000e+01
9.440000000000000000e+02 7.500000000000000000e+01
9.440000000000000000e+02 7.700000000000000000e+01
9.440000000000000000e+02 7.700000000000000000e+01
9.440000000000000000e+02 7.700000000000000000e+01
9.430000000000000000e+02 7.700000000000000000e+01
9.430000000000000000e+02 7.700000000000000000e+01
9.430000000000000000e+02 7.700000000000000000e+01
9.430000000000000000e+02 7.700000000000000000e+01
9.430000000000000000e+02 7.700000000000000000e+01
9.430000000000000000e+02 7.700000000000000000e+01
9.430000000000000000e+02 7.800000000000000000e+01
9.420000000000000000e+02 7.800000000000000000e+01
9.420000000000000000e+02 7.800000000000000000e+01
9.420000000000000000e+02 7.800000000000000000e+01
9.420000000000000000e+02 7.800000000000000000e+01
9.420000000000000000e+02 7.900000000000000000e+01
9.420000000000000000e+02 7.900000000000000000e+01
9.420000000000000000e+02 7.900000000000000000e+01
9.420000000000000000e+02 7.900000000000000000e+01
9.420000000000000000e+02 8.000000000000000000e+01
9.420000000000000000e+02 8.000000000000000000e+01
9.410000000000000000e+02 8.100000000000000000e+01
9.410000000000000000e+02 8.100000000000000000e+01
9.410000000000000000e+02 8.000000000000000000e+01
9.410000000000000000e+02 8.000000000000000000e+01
9.420000000000000000e+02 8.100000000000000000e+01
9.420000000000000000e+02 8.100000000000000000e+01
9.420000000000000000e+02 8.100000000000000000e+01
9.420000000000000000e+02 8.200000000000000000e+01
9.420000000000000000e+02 8.200000000000000000e+01
9.420000000000000000e+02 8.200000000000000000e+01
9.420000000000000000e+02 8.300000000000000000e+01
9.420000000000000000e+02 8.300000000000000000e+01
9.430000000000000000e+02 8.300000000000000000e+01
9.430000000000000000e+02 8.300000000000000000e+01
9.430000000000000000e+02 8.300000000000000000e+01
9.430000000000000000e+02 8.400000000000000000e+01
9.430000000000000000e+02 8.400000000000000000e+01
9.440000000000000000e+02 8.500000000000000000e+01
9.440000000000000000e+02 8.500000000000000000e+01
9.440000000000000000e+02 8.500000000000000000e+01
9.440000000000000000e+02 8.500000000000000000e+01
9.440000000000000000e+02 8.500000000000000000e+01
9.450000000000000000e+02 8.500000000000000000e+01
9.450000000000000000e+02 8.500000000000000000e+01
9.450000000000000000e+02 8.600000000000000000e+01
9.460000000000000000e+02 8.600000000000000000e+01
9.460000000000000000e+02 8.800000000000000000e+01
9.460000000000000000e+02 8.800000000000000000e+01
9.470000000000000000e+02 8.800000000000000000e+01
9.470000000000000000e+02 8.800000000000000000e+01
9.470000000000000000e+02 8.800000000000000000e+01
9.480000000000000000e+02 8.800000000000000000e+01
9.480000000000000000e+02 8.800000000000000000e+01
9.480000000000000000e+02 8.900000000000000000e+01
9.490000000000000000e+02 8.900000000000000000e+01
9.490000000000000000e+02 8.800000000000000000e+01
9.490000000000000000e+02 9.000000000000000000e+01
9.500000000000000000e+02 9.000000000000000000e+01
9.500000000000000000e+02 9.000000000000000000e+01
9.500000000000000000e+02 9.000000000000000000e+01
9.510000000000000000e+02 9.000000000000000000e+01
9.510000000000000000e+02 9.100000000000000000e+01
9.510000000000000000e+02 9.100000000000000000e+01
9.520000000000000000e+02 9.200000000000000000e+01
9.520000000000000000e+02 9.200000000000000000e+01
9.520000000000000000e+02 9.100000000000000000e+01
9.530000000000000000e+02 9.300000000000000000e+01
9.530000000000000000e+02 9.300000000000000000e+01
9.540000000000000000e+02 9.400000000000000000e+01
9.540000000000000000e+02 9.300000000000000000e+01
9.540000000000000000e+02 9.300000000000000000e+01
9.550000000000000000e+02 9.400000000000000000e+01
9.550000000000000000e+02 9.500000000000000000e+01
9.560000000000000000e+02 9.500000000000000000e+01
9.560000000000000000e+02 9.600000000000000000e+01
9.560000000000000000e+02 9.600000000000000000e+01
9.560000000000000000e+02 9.600000000000000000e+01
9.570000000000000000e+02 9.600000000000000000e+01
9.570000000000000000e+02 9.700000000000000000e+01
9.580000000000000000e+02 9.700000000000000000e+01
9.580000000000000000e+02 9.800000000000000000e+01
9.590000000000000000e+02 9.800000000000000000e+01
9.590000000000000000e+02 9.900000000000000000e+01
9.590000000000000000e+02 9.900000000000000000e+01
9.600000000000000000e+02 9.900000000000000000e+01
9.600000000000000000e+02 9.900000000000000000e+01
9.610000000000000000e+02 9.900000000000000000e+01
9.610000000000000000e+02 1.000000000000000000e+02
9.620000000000000000e+02 1.000000000000000000e+02
9.620000000000000000e+02 1.010000000000000000e+02
9.620000000000000000e+02 1.020000000000000000e+02
9.630000000000000000e+02 1.020000000000000000e+02
9.630000000000000000e+02 1.020000000000000000e+02
9.630000000000000000e+02 1.020000000000000000e+02
9.640000000000000000e+02 1.020000000000000000e+02
9.640000000000000000e+02 1.030000000000000000e+02
9.650000000000000000e+02 1.030000000000000000e+02
9.650000000000000000e+02 1.020000000000000000e+02
9.660000000000000000e+02 1.040000000000000000e+02
9.670000000000000000e+02 1.030000000000000000e+02
9.670000000000000000e+02 1.030000000000000000e+02
9.680000000000000000e+02 1.030000000000000000e+02
9.680000000000000000e+02 1.030000000000000000e+02
9.680000000000000000e+02 1.030000000000000000e+02
9.700000000000000000e+02 1.030000000000000000e+02
9.680000000000000000e+02 1.030000000000000000e+02
9.680000000000000000e+02 1.040000000000000000e+02
9.700000000000000000e+02 1.040000000000000000e+02
9.720000000000000000e+02 1.050000000000000000e+02
9.720000000000000000e+02 1.040000000000000000e+02
9.730000000000000000e+02 1.050000000000000000e+02
9.730000000000000000e+02 1.060000000000000000e+02
9.740000000000000000e+02 1.060000000000000000e+02
9.740000000000000000e+02 1.050000000000000000e+02
9.740000000000000000e+02 1.050000000000000000e+02
9.760000000000000000e+02 1.070000000000000000e+02
9.770000000000000000e+02 1.070000000000000000e+02
9.790000000000000000e+02 1.060000000000000000e+02
9.800000000000000000e+02 1.080000000000000000e+02
9.810000000000000000e+02 1.070000000000000000e+02
9.810000000000000000e+02 1.050000000000000000e+02
9.810000000000000000e+02 1.050000000000000000e+02
9.830000000000000000e+02 1.050000000000000000e+02
9.830000000000000000e+02 1.050000000000000000e+02
9.840000000000000000e+02 1.060000000000000000e+02
9.850000000000000000e+02 1.060000000000000000e+02
9.870000000000000000e+02 1.060000000000000000e+02
9.890000000000000000e+02 1.060000000000000000e+02
9.890000000000000000e+02 1.060000000000000000e+02
9.900000000000000000e+02 1.060000000000000000e+02
9.900000000000000000e+02 1.060000000000000000e+02
9.910000000000000000e+02 1.060000000000000000e+02
9.920000000000000000e+02 1.060000000000000000e+02
9.930000000000000000e+02 1.070000000000000000e+02
9.950000000000000000e+02 1.070000000000000000e+02
9.960000000000000000e+02 1.090000000000000000e+02
9.980000000000000000e+02 1.070000000000000000e+02
9.990000000000000000e+02 1.070000000000000000e+02
9.990000000000000000e+02 1.060000000000000000e+02
1.000000000000000000e+03 1.060000000000000000e+02
1.000000000000000000e+03 1.060000000000000000e+02
1.001000000000000000e+03 1.060000000000000000e+02
1.002000000000000000e+03 1.060000000000000000e+02
1.004000000000000000e+03 1.090000000000000000e+02
1.006000000000000000e+03 1.070000000000000000e+02
1.007000000000000000e+03 1.070000000000000000e+02
1.008000000000000000e+03 1.060000000000000000e+02
1.008000000000000000e+03 1.060000000000000000e+02
1.009000000000000000e+03 1.060000000000000000e+02
1.009000000000000000e+03 1.060000000000000000e+02
1.010000000000000000e+03 1.060000000000000000e+02
1.012000000000000000e+03 1.060000000000000000e+02
1.013000000000000000e+03 1.070000000000000000e+02
1.015000000000000000e+03 1.070000000000000000e+02
1.017000000000000000e+03 1.070000000000000000e+02
1.017000000000000000e+03 1.070000000000000000e+02
1.018000000000000000e+03 1.060000000000000000e+02
1.018000000000000000e+03 1.060000000000000000e+02
1.019000000000000000e+03 1.060000000000000000e+02
1.020000000000000000e+03 1.060000000000000000e+02
1.021000000000000000e+03 1.060000000000000000e+02
1.022000000000000000e+03 1.070000000000000000e+02
1.024000000000000000e+03 1.070000000000000000e+02
1.026000000000000000e+03 1.070000000000000000e+02
1.026000000000000000e+03 1.070000000000000000e+02
1.026000000000000000e+03 1.060000000000000000e+02
1.027000000000000000e+03 1.060000000000000000e+02
1.027000000000000000e+03 1.060000000000000000e+02
1.028000000000000000e+03 1.060000000000000000e+02
1.029000000000000000e+03 1.060000000000000000e+02
1.030000000000000000e+03 1.070000000000000000e+02
1.031000000000000000e+03 1.070000000000000000e+02
1.033000000000000000e+03 1.070000000000000000e+02
1.036000000000000000e+03 1.070000000000000000e+02
1.036000000000000000e+03 1.060000000000000000e+02
1.037000000000000000e+03 1.060000000000000000e+02
1.037000000000000000e+03 1.060000000000000000e+02
1.038000000000000000e+03 1.060000000000000000e+02
1.039000000000000000e+03 1.060000000000000000e+02
1.040000000000000000e+03 1.070000000000000000e+02
1.042000000000000000e+03 1.070000000000000000e+02
1.042000000000000000e+03 1.070000000000000000e+02
1.041000000000000000e+03 1.070000000000000000e+02
1.041000000000000000e+03 1.060000000000000000e+02
1.045000000000000000e+03 1.060000000000000000e+02
1.045000000000000000e+03 1.060000000000000000e+02
1.046000000000000000e+03 1.060000000000000000e+02
1.047000000000000000e+03 1.060000000000000000e+02
1.048000000000000000e+03 1.060000000000000000e+02
1.050000000000000000e+03 1.060000000000000000e+02
1.051000000000000000e+03 1.060000000000000000e+02
1.053000000000000000e+03 1.060000000000000000e+02
1.053000000000000000e+03 1.050000000000000000e+02
1.054000000000000000e+03 1.050000000000000000e+02
1.054000000000000000e+03 8.700000000000000000e+01
1.055000000000000000e+03 8.700000000000000000e+01
1.056000000000000000e+03 8.700000000000000000e+01
1.057000000000000000e+03 8.700000000000000000e+01
1.062000000000000000e+03 8.700000000000000000e+01
1.063000000000000000e+03 8.700000000000000000e+01
1.063000000000000000e+03 8.700000000000000000e+01
1.064000000000000000e+03 8.700000000000000000e+01
1.062000000000000000e+03 8.700000000000000000e+01
1.064000000000000000e+03 8.700000000000000000e+01
1.065000000000000000e+03 8.700000000000000000e+01
1.065000000000000000e+03 8.700000000000000000e+01
1.065000000000000000e+03 8.700000000000000000e+01
1.066000000000000000e+03 8.700000000000000000e+01
1.067000000000000000e+03 8.600000000000000000e+01
1.067000000000000000e+03 8.600000000000000000e+01
1.068000000000000000e+03 8.600000000000000000e+01
1.068000000000000000e+03 8.600000000000000000e+01
1.069000000000000000e+03 8.600000000000000000e+01
1.070000000000000000e+03 8.600000000000000000e+01
1.070000000000000000e+03 8.600000000000000000e+01
1.071000000000000000e+03 8.600000000000000000e+01
1.071000000000000000e+03 8.600000000000000000e+01
1.072000000000000000e+03 8.500000000000000000e+01
1.072000000000000000e+03 8.500000000000000000e+01
1.071000000000000000e+03 8.600000000000000000e+01
1.071000000000000000e+03 8.600000000000000000e+01
1.072000000000000000e+03 8.600000000000000000e+01
1.075000000000000000e+03 8.600000000000000000e+01
1.075000000000000000e+03 8.500000000000000000e+01
1.075000000000000000e+03 8.500000000000000000e+01
1.076000000000000000e+03 8.500000000000000000e+01
1.076000000000000000e+03 8.500000000000000000e+01
1.076000000000000000e+03 8.500000000000000000e+01
1.076000000000000000e+03 8.500000000000000000e+01
1.077000000000000000e+03 8.500000000000000000e+01
1.078000000000000000e+03 8.500000000000000000e+01
1.078000000000000000e+03 8.600000000000000000e+01
1.079000000000000000e+03 8.600000000000000000e+01
1.080000000000000000e+03 8.600000000000000000e+01
1.079000000000000000e+03 8.600000000000000000e+01
1.081000000000000000e+03 8.600000000000000000e+01
1.081000000000000000e+03 8.600000000000000000e+01
1.082000000000000000e+03 8.600000000000000000e+01
1.083000000000000000e+03 8.500000000000000000e+01
1.083000000000000000e+03 8.500000000000000000e+01
1.083000000000000000e+03 8.500000000000000000e+01
1.083000000000000000e+03 8.600000000000000000e+01
1.084000000000000000e+03 8.600000000000000000e+01
1.083000000000000000e+03 8.600000000000000000e+01
1.084000000000000000e+03 8.600000000000000000e+01
1.084000000000000000e+03 8.600000000000000000e+01
1.085000000000000000e+03 8.600000000000000000e+01
1.085000000000000000e+03 8.600000000000000000e+01
1.086000000000000000e+03 8.600000000000000000e+01
1.086000000000000000e+03 8.600000000000000000e+01
1.086000000000000000e+03 8.600000000000000000e+01
1.087000000000000000e+03 8.600000000000000000e+01
1.087000000000000000e+03 8.600000000000000000e+01
1.087000000000000000e+03 8.600000000000000000e+01
1.087000000000000000e+03 8.600000000000000000e+01
1.088000000000000000e+03 8.600000000000000000e+01
1.088000000000000000e+03 8.700000000000000000e+01
1.089000000000000000e+03 8.700000000000000000e+01
1.089000000000000000e+03 8.700000000000000000e+01
1.089000000000000000e+03 8.700000000000000000e+01
1.089000000000000000e+03 8.700000000000000000e+01
1.090000000000000000e+03 8.700000000000000000e+01
1.090000000000000000e+03 8.700000000000000000e+01
1.090000000000000000e+03 8.700000000000000000e+01
1.090000000000000000e+03 8.700000000000000000e+01
1.090000000000000000e+03 8.700000000000000000e+01
1.090000000000000000e+03 8.700000000000000000e+01
1.090000000000000000e+03 8.700000000000000000e+01
1.091000000000000000e+03 8.700000000000000000e+01
1.091000000000000000e+03 8.700000000000000000e+01
1.091000000000000000e+03 8.800000000000000000e+01
1.091000000000000000e+03 8.800000000000000000e+01
1.091000000000000000e+03 8.800000000000000000e+01
1.091000000000000000e+03 8.800000000000000000e+01
1.091000000000000000e+03 8.800000000000000000e+01
1.091000000000000000e+03 8.800000000000000000e+01
1.091000000000000000e+03 8.800000000000000000e+01
1.091000000000000000e+03 8.800000000000000000e+01
1.091000000000000000e+03 8.800000000000000000e+01
1.091000000000000000e+03 8.800000000000000000e+01
1.091000000000000000e+03 8.900000000000000000e+01
1.091000000000000000e+03 8.900000000000000000e+01
1.091000000000000000e+03 8.900000000000000000e+01
1.091000000000000000e+03 8.900000000000000000e+01
1.091000000000000000e+03 8.900000000000000000e+01
1.091000000000000000e+03 8.900000000000000000e+01
1.090000000000000000e+03 8.900000000000000000e+01
1.090000000000000000e+03 8.900000000000000000e+01
1.090000000000000000e+03 8.900000000000000000e+01
1.091000000000000000e+03 9.100000000000000000e+01
1.091000000000000000e+03 9.100000000000000000e+01
1.091000000000000000e+03 9.100000000000000000e+01
1.091000000000000000e+03 9.200000000000000000e+01
1.091000000000000000e+03 9.200000000000000000e+01
1.091000000000000000e+03 9.100000000000000000e+01
1.091000000000000000e+03 9.100000000000000000e+01
1.091000000000000000e+03 9.100000000000000000e+01
1.090000000000000000e+03 9.100000000000000000e+01
1.090000000000000000e+03 9.100000000000000000e+01
1.090000000000000000e+03 9.100000000000000000e+01
1.090000000000000000e+03 9.100000000000000000e+01
1.089000000000000000e+03 9.100000000000000000e+01
1.089000000000000000e+03 9.100000000000000000e+01
1.089000000000000000e+03 9.100000000000000000e+01
1.089000000000000000e+03 9.200000000000000000e+01
1.089000000000000000e+03 9.200000000000000000e+01
1.088000000000000000e+03 9.200000000000000000e+01
1.088000000000000000e+03 9.200000000000000000e+01
1.087000000000000000e+03 9.200000000000000000e+01
1.087000000000000000e+03 9.200000000000000000e+01
1.087000000000000000e+03 9.200000000000000000e+01
1.087000000000000000e+03 9.200000000000000000e+01
1.087000000000000000e+03 9.200000000000000000e+01
1.087000000000000000e+03 9.200000000000000000e+01
1.086000000000000000e+03 9.200000000000000000e+01
1.086000000000000000e+03 9.200000000000000000e+01
1.084000000000000000e+03 9.300000000000000000e+01
1.085000000000000000e+03 9.200000000000000000e+01
1.085000000000000000e+03 9.200000000000000000e+01
1.084000000000000000e+03 9.200000000000000000e+01
1.084000000000000000e+03 9.300000000000000000e+01
1.083000000000000000e+03 9.300000000000000000e+01
1.083000000000000000e+03 9.300000000000000000e+01
1.083000000000000000e+03 9.300000000000000000e+01
1.082000000000000000e+03 9.300000000000000000e+01
1.082000000000000000e+03 9.300000000000000000e+01
1.081000000000000000e+03 9.300000000000000000e+01
1.080000000000000000e+03 9.300000000000000000e+01
1.079000000000000000e+03 9.300000000000000000e+01
1.081000000000000000e+03 9.400000000000000000e+01
1.080000000000000000e+03 9.400000000000000000e+01
1.080000000000000000e+03 9.300000000000000000e+01
1.079000000000000000e+03 9.300000000000000000e+01
1.079000000000000000e+03 9.300000000000000000e+01
1.079000000000000000e+03 9.300000000000000000e+01
1.078000000000000000e+03 9.300000000000000000e+01
1.078000000000000000e+03 9.300000000000000000e+01
1.077000000000000000e+03 9.400000000000000000e+01
1.077000000000000000e+03 9.300000000000000000e+01
1.077000000000000000e+03 9.400000000000000000e+01
1.076000000000000000e+03 9.400000000000000000e+01
1.075000000000000000e+03 9.400000000000000000e+01
1.075000000000000000e+03 9.400000000000000000e+01
1.074000000000000000e+03 9.400000000000000000e+01
1.074000000000000000e+03 9.400000000000000000e+01
1.073000000000000000e+03 9.400000000000000000e+01
1.073000000000000000e+03 9.400000000000000000e+01
1.073000000000000000e+03 9.400000000000000000e+01
1.072000000000000000e+03 9.400000000000000000e+01
1.072000000000000000e+03 9.400000000000000000e+01
1.072000000000000000e+03 9.500000000000000000e+01
1.072000000000000000e+03 9.500000000000000000e+01
1.071000000000000000e+03 9.500000000000000000e+01
1.070000000000000000e+03 9.500000000000000000e+01
1.070000000000000000e+03 9.500000000000000000e+01
1.070000000000000000e+03 9.500000000000000000e+01
1.069000000000000000e+03 9.500000000000000000e+01
1.069000000000000000e+03 9.500000000000000000e+01
1.067000000000000000e+03 9.500000000000000000e+01
1.068000000000000000e+03 9.500000000000000000e+01
1.067000000000000000e+03 9.500000000000000000e+01
1.067000000000000000e+03 9.500000000000000000e+01
1.067000000000000000e+03 9.500000000000000000e+01
1.066000000000000000e+03 9.500000000000000000e+01
1.065000000000000000e+03 9.500000000000000000e+01
1.063000000000000000e+03 9.500000000000000000e+01
1.065000000000000000e+03 9.600000000000000000e+01
1.064000000000000000e+03 9.500000000000000000e+01
1.081000000000000000e+03 6.300000000000000000e+01
1.080000000000000000e+03 6.300000000000000000e+01
1.080000000000000000e+03 6.300000000000000000e+01
1.079000000000000000e+03 6.300000000000000000e+01
1.078000000000000000e+03 6.300000000000000000e+01
1.078000000000000000e+03 6.200000000000000000e+01
1.077000000000000000e+03 6.200000000000000000e+01
1.076000000000000000e+03 6.200000000000000000e+01
1.075000000000000000e+03 6.200000000000000000e+01
1.075000000000000000e+03 6.200000000000000000e+01
1.074000000000000000e+03 6.200000000000000000e+01
1.073000000000000000e+03 6.200000000000000000e+01
1.072000000000000000e+03 6.200000000000000000e+01
1.072000000000000000e+03 6.200000000000000000e+01
1.071000000000000000e+03 6.000000000000000000e+01
1.071000000000000000e+03 6.200000000000000000e+01
1.070000000000000000e+03 6.200000000000000000e+01
1.069000000000000000e+03 6.200000000000000000e+01
1.068000000000000000e+03 6.200000000000000000e+01
1.067000000000000000e+03 6.200000000000000000e+01
1.067000000000000000e+03 6.200000000000000000e+01
1.066000000000000000e+03 6.200000000000000000e+01
1.065000000000000000e+03 6.200000000000000000e+01
1.065000000000000000e+03 6.200000000000000000e+01
1.064000000000000000e+03 6.000000000000000000e+01
1.063000000000000000e+03 6.200000000000000000e+01
1.063000000000000000e+03 6.100000000000000000e+01
1.062000000000000000e+03 6.100000000000000000e+01
1.061000000000000000e+03 6.100000000000000000e+01
1.060000000000000000e+03 6.100000000000000000e+01
1.060000000000000000e+03 6.100000000000000000e+01
1.059000000000000000e+03 6.100000000000000000e+01
1.058000000000000000e+03 6.100000000000000000e+01
1.057000000000000000e+03 6.200000000000000000e+01
1.057000000000000000e+03 6.100000000000000000e+01
1.056000000000000000e+03 6.100000000000000000e+01
1.055000000000000000e+03 6.100000000000000000e+01
1.054000000000000000e+03 6.100000000000000000e+01
1.054000000000000000e+03 6.100000000000000000e+01
1.053000000000000000e+03 6.100000000000000000e+01
1.052000000000000000e+03 6.100000000000000000e+01
1.052000000000000000e+03 6.100000000000000000e+01
1.051000000000000000e+03 6.100000000000000000e+01
1.050000000000000000e+03 6.100000000000000000e+01
1.049000000000000000e+03 6.100000000000000000e+01
1.049000000000000000e+03 6.100000000000000000e+01
1.048000000000000000e+03 6.100000000000000000e+01
1.047000000000000000e+03 6.100000000000000000e+01
1.046000000000000000e+03 6.100000000000000000e+01
1.046000000000000000e+03 6.100000000000000000e+01
1.045000000000000000e+03 6.100000000000000000e+01
1.044000000000000000e+03 6.100000000000000000e+01
1.044000000000000000e+03 6.100000000000000000e+01
1.043000000000000000e+03 6.100000000000000000e+01
1.042000000000000000e+03 6.100000000000000000e+01
1.041000000000000000e+03 6.100000000000000000e+01
1.040000000000000000e+03 6.100000000000000000e+01
1.040000000000000000e+03 6.100000000000000000e+01
1.039000000000000000e+03 6.100000000000000000e+01
1.039000000000000000e+03 6.100000000000000000e+01
1.038000000000000000e+03 6.100000000000000000e+01
1.037000000000000000e+03 6.100000000000000000e+01
1.036000000000000000e+03 6.100000000000000000e+01
1.035000000000000000e+03 6.100000000000000000e+01
1.035000000000000000e+03 6.100000000000000000e+01
1.034000000000000000e+03 6.100000000000000000e+01
1.033000000000000000e+03 6.100000000000000000e+01
1.032000000000000000e+03 6.000000000000000000e+01
1.032000000000000000e+03 6.000000000000000000e+01
1.031000000000000000e+03 6.000000000000000000e+01
1.030000000000000000e+03 6.000000000000000000e+01
1.030000000000000000e+03 6.000000000000000000e+01
1.029000000000000000e+03 6.000000000000000000e+01
1.028000000000000000e+03 6.000000000000000000e+01
1.028000000000000000e+03 6.100000000000000000e+01
1.027000000000000000e+03 6.100000000000000000e+01
1.027000000000000000e+03 6.100000000000000000e+01
1.026000000000000000e+03 6.000000000000000000e+01
1.025000000000000000e+03 6.000000000000000000e+01
1.025000000000000000e+03 6.000000000000000000e+01
1.024000000000000000e+03 6.000000000000000000e+01
1.023000000000000000e+03 6.100000000000000000e+01
1.023000000000000000e+03 6.100000000000000000e+01
1.022000000000000000e+03 6.100000000000000000e+01
1.021000000000000000e+03 6.000000000000000000e+01
1.021000000000000000e+03 6.000000000000000000e+01
1.020000000000000000e+03 6.000000000000000000e+01
1.019000000000000000e+03 6.000000000000000000e+01
1.018000000000000000e+03 6.000000000000000000e+01
1.018000000000000000e+03 6.000000000000000000e+01
1.017000000000000000e+03 6.000000000000000000e+01
1.016000000000000000e+03 6.000000000000000000e+01
1.016000000000000000e+03 6.100000000000000000e+01
1.015000000000000000e+03 6.000000000000000000e+01
1.014000000000000000e+03 6.000000000000000000e+01
1.014000000000000000e+03 6.000000000000000000e+01
1.013000000000000000e+03 6.000000000000000000e+01
1.012000000000000000e+03 6.000000000000000000e+01
1.012000000000000000e+03 6.000000000000000000e+01
1.011000000000000000e+03 6.100000000000000000e+01
1.010000000000000000e+03 6.100000000000000000e+01
1.010000000000000000e+03 6.000000000000000000e+01
1.009000000000000000e+03 6.000000000000000000e+01
1.008000000000000000e+03 6.000000000000000000e+01
1.008000000000000000e+03 6.000000000000000000e+01
1.007000000000000000e+03 6.000000000000000000e+01
1.007000000000000000e+03 6.000000000000000000e+01
1.006000000000000000e+03 6.000000000000000000e+01
1.005000000000000000e+03 6.000000000000000000e+01
1.005000000000000000e+03 6.000000000000000000e+01
1.004000000000000000e+03 6.000000000000000000e+01
1.003000000000000000e+03 6.000000000000000000e+01
1.002000000000000000e+03 6.000000000000000000e+01
1.002000000000000000e+03 6.000000000000000000e+01
1.001000000000000000e+03 6.000000000000000000e+01
1.000000000000000000e+03 6.000000000000000000e+01
1.000000000000000000e+03 6.000000000000000000e+01
9.990000000000000000e+02 6.000000000000000000e+01
9.990000000000000000e+02 6.000000000000000000e+01
9.980000000000000000e+02 6.000000000000000000e+01
9.970000000000000000e+02 6.000000000000000000e+01
9.970000000000000000e+02 6.000000000000000000e+01
9.960000000000000000e+02 6.000000000000000000e+01
9.960000000000000000e+02 6.000000000000000000e+01
9.950000000000000000e+02 6.000000000000000000e+01
9.940000000000000000e+02 6.000000000000000000e+01
9.940000000000000000e+02 6.000000000000000000e+01
9.930000000000000000e+02 6.000000000000000000e+01
9.920000000000000000e+02 6.000000000000000000e+01
9.920000000000000000e+02 6.000000000000000000e+01
9.910000000000000000e+02 6.000000000000000000e+01
9.910000000000000000e+02 6.000000000000000000e+01
9.900000000000000000e+02 6.000000000000000000e+01
9.900000000000000000e+02 6.000000000000000000e+01
9.890000000000000000e+02 6.000000000000000000e+01
9.890000000000000000e+02 6.000000000000000000e+01
9.880000000000000000e+02 6.000000000000000000e+01
9.870000000000000000e+02 6.000000000000000000e+01
9.870000000000000000e+02 6.000000000000000000e+01
9.860000000000000000e+02 6.000000000000000000e+01
9.850000000000000000e+02 6.000000000000000000e+01
9.850000000000000000e+02 6.000000000000000000e+01
9.850000000000000000e+02 6.000000000000000000e+01
9.840000000000000000e+02 6.000000000000000000e+01
9.840000000000000000e+02 5.900000000000000000e+01
9.830000000000000000e+02 5.900000000000000000e+01
9.830000000000000000e+02 5.900000000000000000e+01
9.820000000000000000e+02 5.900000000000000000e+01
9.810000000000000000e+02 5.900000000000000000e+01
9.810000000000000000e+02 5.900000000000000000e+01
9.800000000000000000e+02 5.900000000000000000e+01
9.800000000000000000e+02 5.900000000000000000e+01
9.790000000000000000e+02 5.900000000000000000e+01
9.790000000000000000e+02 5.900000000000000000e+01
9.790000000000000000e+02 5.900000000000000000e+01
9.780000000000000000e+02 5.900000000000000000e+01
9.780000000000000000e+02 5.900000000000000000e+01
9.780000000000000000e+02 5.900000000000000000e+01
9.780000000000000000e+02 5.900000000000000000e+01
9.770000000000000000e+02 5.900000000000000000e+01
9.770000000000000000e+02 5.900000000000000000e+01
9.770000000000000000e+02 5.900000000000000000e+01
9.760000000000000000e+02 5.900000000000000000e+01
9.760000000000000000e+02 5.900000000000000000e+01
9.760000000000000000e+02 5.900000000000000000e+01
9.750000000000000000e+02 5.900000000000000000e+01
9.750000000000000000e+02 5.900000000000000000e+01
9.750000000000000000e+02 5.900000000000000000e+01
9.750000000000000000e+02 5.900000000000000000e+01
9.740000000000000000e+02 5.900000000000000000e+01
9.740000000000000000e+02 5.900000000000000000e+01
9.740000000000000000e+02 5.900000000000000000e+01
9.740000000000000000e+02 5.900000000000000000e+01
9.740000000000000000e+02 5.900000000000000000e+01
9.730000000000000000e+02 5.900000000000000000e+01
9.730000000000000000e+02 5.900000000000000000e+01
9.730000000000000000e+02 5.900000000000000000e+01
9.730000000000000000e+02 5.900000000000000000e+01
9.730000000000000000e+02 5.700000000000000000e+01
9.730000000000000000e+02 5.700000000000000000e+01
9.710000000000000000e+02 5.700000000000000000e+01
9.710000000000000000e+02 5.700000000000000000e+01
9.710000000000000000e+02 5.700000000000000000e+01
9.710000000000000000e+02 5.800000000000000000e+01
9.700000000000000000e+02 5.800000000000000000e+01
9.700000000000000000e+02 5.800000000000000000e+01
9.700000000000000000e+02 5.800000000000000000e+01
9.690000000000000000e+02 5.800000000000000000e+01
9.690000000000000000e+02 5.800000000000000000e+01
9.690000000000000000e+02 5.800000000000000000e+01
9.690000000000000000e+02 5.800000000000000000e+01
9.680000000000000000e+02 5.800000000000000000e+01
9.680000000000000000e+02 5.800000000000000000e+01
9.680000000000000000e+02 5.800000000000000000e+01
9.680000000000000000e+02 5.800000000000000000e+01
9.680000000000000000e+02 5.800000000000000000e+01
9.680000000000000000e+02 5.800000000000000000e+01
9.670000000000000000e+02 5.800000000000000000e+01
9.630000000000000000e+02 5.800000000000000000e+01
9.630000000000000000e+02 5.800000000000000000e+01
9.630000000000000000e+02 5.800000000000000000e+01
9.630000000000000000e+02 5.800000000000000000e+01
9.630000000000000000e+02 5.800000000000000000e+01
9.630000000000000000e+02 5.800000000000000000e+01
9.630000000000000000e+02 5.800000000000000000e+01
9.630000000000000000e+02 5.800000000000000000e+01
9.630000000000000000e+02 5.800000000000000000e+01
9.630000000000000000e+02 5.800000000000000000e+01
9.630000000000000000e+02 5.800000000000000000e+01
9.630000000000000000e+02 5.800000000000000000e+01
9.630000000000000000e+02 5.800000000000000000e+01
9.630000000000000000e+02 5.800000000000000000e+01
9.630000000000000000e+02 5.800000000000000000e+01
9.630000000000000000e+02 5.800000000000000000e+01
9.630000000000000000e+02 5.800000000000000000e+01
9.620000000000000000e+02 5.800000000000000000e+01
9.620000000000000000e+02 5.800000000000000000e+01
9.620000000000000000e+02 5.800000000000000000e+01
9.620000000000000000e+02 5.800000000000000000e+01
9.620000000000000000e+02 5.800000000000000000e+01
9.610000000000000000e+02 5.800000000000000000e+01
9.610000000000000000e+02 5.800000000000000000e+01
9.610000000000000000e+02 5.800000000000000000e+01
9.610000000000000000e+02 5.900000000000000000e+01
9.610000000000000000e+02 5.900000000000000000e+01
9.600000000000000000e+02 5.900000000000000000e+01
9.600000000000000000e+02 5.900000000000000000e+01
9.600000000000000000e+02 5.900000000000000000e+01
9.600000000000000000e+02 5.900000000000000000e+01
9.600000000000000000e+02 5.900000000000000000e+01
9.600000000000000000e+02 5.900000000000000000e+01
9.600000000000000000e+02 5.900000000000000000e+01
9.590000000000000000e+02 5.900000000000000000e+01
9.590000000000000000e+02 5.900000000000000000e+01
9.590000000000000000e+02 5.900000000000000000e+01
9.590000000000000000e+02 5.900000000000000000e+01
9.590000000000000000e+02 5.900000000000000000e+01
9.590000000000000000e+02 6.000000000000000000e+01
9.590000000000000000e+02 6.000000000000000000e+01
9.580000000000000000e+02 5.900000000000000000e+01
9.580000000000000000e+02 5.900000000000000000e+01
9.580000000000000000e+02 5.900000000000000000e+01
9.580000000000000000e+02 5.900000000000000000e+01
9.580000000000000000e+02 6.000000000000000000e+01
9.580000000000000000e+02 6.000000000000000000e+01
9.570000000000000000e+02 6.000000000000000000e+01
9.570000000000000000e+02 6.000000000000000000e+01
9.560000000000000000e+02 6.000000000000000000e+01
9.570000000000000000e+02 6.000000000000000000e+01
9.560000000000000000e+02 6.000000000000000000e+01
9.560000000000000000e+02 6.000000000000000000e+01
9.560000000000000000e+02 6.000000000000000000e+01
9.560000000000000000e+02 6.000000000000000000e+01
9.550000000000000000e+02 6.000000000000000000e+01
9.550000000000000000e+02 6.000000000000000000e+01
9.550000000000000000e+02 6.000000000000000000e+01
9.550000000000000000e+02 6.000000000000000000e+01
9.540000000000000000e+02 6.000000000000000000e+01
9.540000000000000000e+02 6.000000000000000000e+01
9.540000000000000000e+02 6.000000000000000000e+01
9.540000000000000000e+02 6.000000000000000000e+01
9.530000000000000000e+02 6.000000000000000000e+01
9.530000000000000000e+02 6.000000000000000000e+01
9.530000000000000000e+02 6.000000000000000000e+01
9.520000000000000000e+02 6.100000000000000000e+01
9.530000000000000000e+02 6.100000000000000000e+01
9.530000000000000000e+02 6.100000000000000000e+01
9.520000000000000000e+02 6.100000000000000000e+01
9.520000000000000000e+02 6.100000000000000000e+01
9.510000000000000000e+02 6.100000000000000000e+01
9.510000000000000000e+02 6.100000000000000000e+01
9.510000000000000000e+02 6.100000000000000000e+01
9.510000000000000000e+02 6.100000000000000000e+01
9.510000000000000000e+02 6.100000000000000000e+01
9.510000000000000000e+02 6.100000000000000000e+01
9.510000000000000000e+02 6.100000000000000000e+01
9.500000000000000000e+02 6.200000000000000000e+01
9.500000000000000000e+02 6.200000000000000000e+01
9.500000000000000000e+02 6.200000000000000000e+01
9.500000000000000000e+02 6.200000000000000000e+01
9.500000000000000000e+02 6.200000000000000000e+01
9.500000000000000000e+02 6.200000000000000000e+01
9.490000000000000000e+02 6.200000000000000000e+01
9.490000000000000000e+02 6.200000000000000000e+01
9.490000000000000000e+02 6.200000000000000000e+01
9.490000000000000000e+02 6.200000000000000000e+01
9.490000000000000000e+02 6.200000000000000000e+01
9.490000000000000000e+02 6.300000000000000000e+01
9.490000000000000000e+02 6.300000000000000000e+01
9.490000000000000000e+02 6.300000000000000000e+01
9.490000000000000000e+02 6.300000000000000000e+01
9.480000000000000000e+02 6.300000000000000000e+01
9.480000000000000000e+02 6.300000000000000000e+01
9.480000000000000000e+02 6.300000000000000000e+01
9.480000000000000000e+02 6.300000000000000000e+01
9.480000000000000000e+02 6.300000000000000000e+01
9.480000000000000000e+02 6.300000000000000000e+01
9.470000000000000000e+02 6.400000000000000000e+01
9.470000000000000000e+02 6.400000000000000000e+01
9.470000000000000000e+02 6.400000000000000000e+01
9.470000000000000000e+02 6.400000000000000000e+01
9.470000000000000000e+02 6.400000000000000000e+01
9.470000000000000000e+02 6.400000000000000000e+01
9.470000000000000000e+02 6.400000000000000000e+01
9.460000000000000000e+02 6.400000000000000000e+01
9.460000000000000000e+02 6.400000000000000000e+01
9.460000000000000000e+02 6.400000000000000000e+01
9.460000000000000000e+02 6.500000000000000000e+01
9.460000000000000000e+02 6.500000000000000000e+01
9.460000000000000000e+02 6.500000000000000000e+01
9.460000000000000000e+02 6.500000000000000000e+01
9.460000000000000000e+02 6.500000000000000000e+01
9.460000000000000000e+02 6.500000000000000000e+01
9.460000000000000000e+02 6.600000000000000000e+01
9.450000000000000000e+02 6.500000000000000000e+01
9.450000000000000000e+02 6.600000000000000000e+01
9.450000000000000000e+02 6.600000000000000000e+01
9.450000000000000000e+02 6.600000000000000000e+01
9.440000000000000000e+02 6.600000000000000000e+01
9.450000000000000000e+02 6.600000000000000000e+01
9.450000000000000000e+02 6.700000000000000000e+01
9.450000000000000000e+02 6.700000000000000000e+01
9.450000000000000000e+02 6.700000000000000000e+01
9.440000000000000000e+02 6.700000000000000000e+01
9.440000000000000000e+02 6.700000000000000000e+01
9.430000000000000000e+02 6.700000000000000000e+01
9.430000000000000000e+02 6.700000000000000000e+01
9.430000000000000000e+02 6.700000000000000000e+01
9.430000000000000000e+02 6.700000000000000000e+01
9.430000000000000000e+02 6.700000000000000000e+01
9.430000000000000000e+02 6.700000000000000000e+01
9.430000000000000000e+02 6.800000000000000000e+01
9.430000000000000000e+02 6.800000000000000000e+01
9.430000000000000000e+02 6.800000000000000000e+01
9.430000000000000000e+02 6.800000000000000000e+01
9.430000000000000000e+02 6.800000000000000000e+01
9.430000000000000000e+02 6.800000000000000000e+01
9.430000000000000000e+02 6.800000000000000000e+01
9.420000000000000000e+02 6.800000000000000000e+01
9.420000000000000000e+02 6.900000000000000000e+01
9.420000000000000000e+02 6.900000000000000000e+01
9.420000000000000000e+02 6.900000000000000000e+01
9.420000000000000000e+02 6.900000000000000000e+01
9.420000000000000000e+02 6.900000000000000000e+01
9.410000000000000000e+02 6.900000000000000000e+01
9.410000000000000000e+02 6.900000000000000000e+01
9.410000000000000000e+02 6.900000000000000000e+01
9.410000000000000000e+02 7.000000000000000000e+01
9.400000000000000000e+02 7.000000000000000000e+01
9.400000000000000000e+02 7.000000000000000000e+01
9.410000000000000000e+02 7.100000000000000000e+01
9.410000000000000000e+02 7.100000000000000000e+01
9.400000000000000000e+02 7.100000000000000000e+01
9.400000000000000000e+02 7.100000000000000000e+01
9.400000000000000000e+02 7.100000000000000000e+01
9.400000000000000000e+02 7.100000000000000000e+01
9.390000000000000000e+02 7.100000000000000000e+01
9.390000000000000000e+02 7.200000000000000000e+01
9.390000000000000000e+02 7.200000000000000000e+01
9.390000000000000000e+02 7.200000000000000000e+01
9.390000000000000000e+02 7.200000000000000000e+01
9.390000000000000000e+02 7.200000000000000000e+01
9.380000000000000000e+02 7.200000000000000000e+01
9.380000000000000000e+02 7.200000000000000000e+01
9.380000000000000000e+02 7.200000000000000000e+01
9.370000000000000000e+02 7.300000000000000000e+01
9.370000000000000000e+02 7.300000000000000000e+01
9.370000000000000000e+02 7.300000000000000000e+01
9.360000000000000000e+02 7.300000000000000000e+01
9.360000000000000000e+02 7.300000000000000000e+01
9.360000000000000000e+02 7.300000000000000000e+01
9.360000000000000000e+02 7.300000000000000000e+01
9.360000000000000000e+02 7.400000000000000000e+01
9.360000000000000000e+02 7.400000000000000000e+01
9.360000000000000000e+02 7.400000000000000000e+01
9.350000000000000000e+02 7.500000000000000000e+01
9.350000000000000000e+02 7.500000000000000000e+01
9.350000000000000000e+02 7.500000000000000000e+01
9.350000000000000000e+02 7.500000000000000000e+01
9.340000000000000000e+02 7.500000000000000000e+01
9.330000000000000000e+02 7.500000000000000000e+01
9.330000000000000000e+02 7.500000000000000000e+01
9.330000000000000000e+02 7.600000000000000000e+01
9.330000000000000000e+02 7.600000000000000000e+01
9.330000000000000000e+02 7.600000000000000000e+01
9.330000000000000000e+02 7.600000000000000000e+01
9.330000000000000000e+02 7.600000000000000000e+01
9.320000000000000000e+02 7.600000000000000000e+01
9.320000000000000000e+02 7.600000000000000000e+01
9.320000000000000000e+02 7.600000000000000000e+01
9.320000000000000000e+02 7.700000000000000000e+01
9.310000000000000000e+02 7.700000000000000000e+01
9.310000000000000000e+02 7.700000000000000000e+01
9.310000000000000000e+02 7.700000000000000000e+01
9.310000000000000000e+02 7.700000000000000000e+01
9.300000000000000000e+02 7.700000000000000000e+01
9.300000000000000000e+02 7.700000000000000000e+01
9.300000000000000000e+02 7.700000000000000000e+01
9.290000000000000000e+02 7.800000000000000000e+01
9.290000000000000000e+02 7.800000000000000000e+01
9.290000000000000000e+02 7.800000000000000000e+01
9.280000000000000000e+02 7.800000000000000000e+01
9.280000000000000000e+02 7.900000000000000000e+01
9.280000000000000000e+02 7.900000000000000000e+01
9.270000000000000000e+02 7.900000000000000000e+01
9.260000000000000000e+02 7.900000000000000000e+01
9.260000000000000000e+02 7.900000000000000000e+01
9.260000000000000000e+02 7.900000000000000000e+01
9.260000000000000000e+02 7.900000000000000000e+01
9.250000000000000000e+02 8.000000000000000000e+01
9.240000000000000000e+02 8.000000000000000000e+01
9.240000000000000000e+02 8.000000000000000000e+01
9.240000000000000000e+02 8.000000000000000000e+01
9.240000000000000000e+02 8.000000000000000000e+01
9.240000000000000000e+02 8.000000000000000000e+01
9.230000000000000000e+02 8.000000000000000000e+01
9.230000000000000000e+02 8.100000000000000000e+01
9.230000000000000000e+02 8.100000000000000000e+01
9.230000000000000000e+02 8.100000000000000000e+01
9.220000000000000000e+02 8.100000000000000000e+01
9.220000000000000000e+02 8.100000000000000000e+01
9.220000000000000000e+02 8.100000000000000000e+01
9.220000000000000000e+02 8.100000000000000000e+01
9.210000000000000000e+02 8.100000000000000000e+01
9.210000000000000000e+02 8.200000000000000000e+01
9.210000000000000000e+02 8.200000000000000000e+01
9.210000000000000000e+02 8.200000000000000000e+01
9.210000000000000000e+02 8.200000000000000000e+01
9.200000000000000000e+02 8.200000000000000000e+01
9.190000000000000000e+02 8.200000000000000000e+01
9.190000000000000000e+02 8.200000000000000000e+01
9.190000000000000000e+02 8.200000000000000000e+01
9.190000000000000000e+02 8.200000000000000000e+01
9.190000000000000000e+02 8.300000000000000000e+01
9.180000000000000000e+02 8.300000000000000000e+01
9.160000000000000000e+02 8.300000000000000000e+01
9.180000000000000000e+02 8.300000000000000000e+01
9.170000000000000000e+02 8.300000000000000000e+01
9.170000000000000000e+02 8.300000000000000000e+01
9.170000000000000000e+02 8.300000000000000000e+01
9.170000000000000000e+02 8.400000000000000000e+01
9.160000000000000000e+02 8.400000000000000000e+01
9.150000000000000000e+02 8.400000000000000000e+01
9.150000000000000000e+02 8.400000000000000000e+01
9.150000000000000000e+02 8.400000000000000000e+01
9.150000000000000000e+02 8.400000000000000000e+01
9.150000000000000000e+02 8.500000000000000000e+01
9.150000000000000000e+02 8.500000000000000000e+01
9.140000000000000000e+02 8.500000000000000000e+01
9.140000000000000000e+02 8.400000000000000000e+01
9.140000000000000000e+02 8.400000000000000000e+01
9.130000000000000000e+02 8.500000000000000000e+01
9.130000000000000000e+02 8.400000000000000000e+01
9.130000000000000000e+02 8.400000000000000000e+01
9.130000000000000000e+02 8.400000000000000000e+01
9.110000000000000000e+02 8.400000000000000000e+01
9.110000000000000000e+02 8.600000000000000000e+01
9.110000000000000000e+02 8.600000000000000000e+01
9.110000000000000000e+02 8.600000000000000000e+01
9.110000000000000000e+02 8.600000000000000000e+01
9.100000000000000000e+02 8.600000000000000000e+01
9.100000000000000000e+02 8.600000000000000000e+01
9.100000000000000000e+02 8.600000000000000000e+01
9.090000000000000000e+02 8.600000000000000000e+01
9.090000000000000000e+02 8.600000000000000000e+01
9.090000000000000000e+02 8.600000000000000000e+01
9.080000000000000000e+02 8.600000000000000000e+01
9.080000000000000000e+02 8.600000000000000000e+01
9.070000000000000000e+02 8.700000000000000000e+01
9.070000000000000000e+02 8.700000000000000000e+01
9.070000000000000000e+02 8.700000000000000000e+01
9.070000000000000000e+02 8.700000000000000000e+01
9.060000000000000000e+02 8.700000000000000000e+01
9.060000000000000000e+02 8.700000000000000000e+01
9.060000000000000000e+02 8.700000000000000000e+01
9.060000000000000000e+02 8.700000000000000000e+01
9.050000000000000000e+02 8.700000000000000000e+01
9.050000000000000000e+02 8.700000000000000000e+01
9.050000000000000000e+02 8.700000000000000000e+01
9.050000000000000000e+02 8.700000000000000000e+01
9.050000000000000000e+02 8.800000000000000000e+01
9.050000000000000000e+02 8.800000000000000000e+01
9.050000000000000000e+02 8.800000000000000000e+01
9.040000000000000000e+02 8.800000000000000000e+01
9.040000000000000000e+02 8.800000000000000000e+01
9.040000000000000000e+02 8.800000000000000000e+01
9.040000000000000000e+02 8.800000000000000000e+01
9.040000000000000000e+02 8.800000000000000000e+01
9.040000000000000000e+02 8.800000000000000000e+01
9.030000000000000000e+02 8.800000000000000000e+01
9.030000000000000000e+02 8.800000000000000000e+01
9.030000000000000000e+02 8.800000000000000000e+01
9.030000000000000000e+02 8.900000000000000000e+01
9.030000000000000000e+02 8.800000000000000000e+01
9.030000000000000000e+02 8.900000000000000000e+01
9.030000000000000000e+02 8.900000000000000000e+01
9.020000000000000000e+02 8.900000000000000000e+01
9.020000000000000000e+02 8.900000000000000000e+01
9.020000000000000000e+02 8.900000000000000000e+01
9.010000000000000000e+02 8.900000000000000000e+01
9.020000000000000000e+02 8.900000000000000000e+01
9.010000000000000000e+02 8.900000000000000000e+01
9.010000000000000000e+02 8.900000000000000000e+01
9.010000000000000000e+02 8.900000000000000000e+01
9.000000000000000000e+02 8.900000000000000000e+01
8.990000000000000000e+02 8.900000000000000000e+01
9.000000000000000000e+02 9.000000000000000000e+01
8.990000000000000000e+02 9.000000000000000000e+01
8.990000000000000000e+02 9.000000000000000000e+01
8.990000000000000000e+02 9.000000000000000000e+01
8.990000000000000000e+02 9.000000000000000000e+01
8.990000000000000000e+02 9.000000000000000000e+01
8.990000000000000000e+02 9.000000000000000000e+01
8.990000000000000000e+02 9.000000000000000000e+01
8.990000000000000000e+02 9.000000000000000000e+01
8.980000000000000000e+02 9.000000000000000000e+01
8.980000000000000000e+02 9.000000000000000000e+01
8.980000000000000000e+02 9.000000000000000000e+01
8.970000000000000000e+02 9.100000000000000000e+01
8.970000000000000000e+02 9.100000000000000000e+01
8.970000000000000000e+02 9.100000000000000000e+01
8.970000000000000000e+02 9.100000000000000000e+01
8.970000000000000000e+02 9.100000000000000000e+01
8.970000000000000000e+02 9.100000000000000000e+01
8.970000000000000000e+02 9.100000000000000000e+01
8.960000000000000000e+02 9.100000000000000000e+01
8.960000000000000000e+02 9.100000000000000000e+01
8.950000000000000000e+02 9.100000000000000000e+01
8.950000000000000000e+02 9.100000000000000000e+01
8.950000000000000000e+02 9.200000000000000000e+01
8.950000000000000000e+02 9.200000000000000000e+01
8.950000000000000000e+02 9.200000000000000000e+01
8.950000000000000000e+02 9.200000000000000000e+01
8.950000000000000000e+02 9.200000000000000000e+01
8.950000000000000000e+02 9.200000000000000000e+01
8.950000000000000000e+02 9.200000000000000000e+01
8.940000000000000000e+02 9.100000000000000000e+01
8.940000000000000000e+02 9.100000000000000000e+01
8.940000000000000000e+02 9.100000000000000000e+01
8.940000000000000000e+02 9.100000000000000000e+01
8.940000000000000000e+02 9.200000000000000000e+01
8.930000000000000000e+02 9.300000000000000000e+01
8.930000000000000000e+02 9.300000000000000000e+01
8.930000000000000000e+02 9.300000000000000000e+01
8.930000000000000000e+02 9.300000000000000000e+01
8.920000000000000000e+02 9.300000000000000000e+01
8.910000000000000000e+02 9.300000000000000000e+01
8.910000000000000000e+02 9.300000000000000000e+01
8.910000000000000000e+02 9.300000000000000000e+01
8.910000000000000000e+02 9.300000000000000000e+01
8.900000000000000000e+02 9.300000000000000000e+01
8.900000000000000000e+02 9.300000000000000000e+01
8.900000000000000000e+02 9.300000000000000000e+01
8.900000000000000000e+02 9.400000000000000000e+01
8.890000000000000000e+02 9.400000000000000000e+01
8.890000000000000000e+02 9.400000000000000000e+01
8.890000000000000000e+02 9.400000000000000000e+01
8.880000000000000000e+02 9.400000000000000000e+01
8.880000000000000000e+02 9.400000000000000000e+01
8.880000000000000000e+02 9.400000000000000000e+01
8.880000000000000000e+02 9.300000000000000000e+01
8.880000000000000000e+02 9.300000000000000000e+01
8.880000000000000000e+02 9.300000000000000000e+01
8.870000000000000000e+02 9.500000000000000000e+01
8.870000000000000000e+02 9.500000000000000000e+01
8.870000000000000000e+02 9.500000000000000000e+01
8.870000000000000000e+02 9.500000000000000000e+01
8.870000000000000000e+02 9.500000000000000000e+01
8.860000000000000000e+02 9.500000000000000000e+01
8.860000000000000000e+02 9.500000000000000000e+01
8.860000000000000000e+02 9.500000000000000000e+01
8.850000000000000000e+02 9.600000000000000000e+01
8.850000000000000000e+02 9.600000000000000000e+01
8.840000000000000000e+02 9.600000000000000000e+01
8.840000000000000000e+02 9.600000000000000000e+01
8.830000000000000000e+02 9.400000000000000000e+01
8.830000000000000000e+02 9.500000000000000000e+01
8.820000000000000000e+02 9.400000000000000000e+01
8.820000000000000000e+02 9.400000000000000000e+01
8.810000000000000000e+02 9.400000000000000000e+01
8.810000000000000000e+02 9.600000000000000000e+01
8.810000000000000000e+02 9.600000000000000000e+01
8.800000000000000000e+02 9.600000000000000000e+01
8.790000000000000000e+02 9.600000000000000000e+01
8.790000000000000000e+02 9.600000000000000000e+01
8.790000000000000000e+02 9.600000000000000000e+01
8.780000000000000000e+02 9.700000000000000000e+01
8.770000000000000000e+02 9.600000000000000000e+01
8.770000000000000000e+02 1.000000000000000000e+02
8.760000000000000000e+02 1.000000000000000000e+02
8.750000000000000000e+02 1.000000000000000000e+02
8.750000000000000000e+02 1.000000000000000000e+02
8.740000000000000000e+02 9.900000000000000000e+01
8.730000000000000000e+02 9.900000000000000000e+01
8.730000000000000000e+02 9.900000000000000000e+01
8.720000000000000000e+02 9.900000000000000000e+01
8.710000000000000000e+02 9.900000000000000000e+01
8.710000000000000000e+02 1.000000000000000000e+02
8.700000000000000000e+02 1.000000000000000000e+02
8.670000000000000000e+02 1.000000000000000000e+02
8.680000000000000000e+02 1.000000000000000000e+02
8.680000000000000000e+02 1.000000000000000000e+02
8.670000000000000000e+02 1.000000000000000000e+02
8.660000000000000000e+02 1.000000000000000000e+02
8.660000000000000000e+02 1.000000000000000000e+02
8.650000000000000000e+02 9.900000000000000000e+01
8.650000000000000000e+02 9.900000000000000000e+01
8.640000000000000000e+02 1.000000000000000000e+02
8.630000000000000000e+02 1.000000000000000000e+02
8.620000000000000000e+02 1.000000000000000000e+02
8.610000000000000000e+02 1.000000000000000000e+02
8.600000000000000000e+02 1.000000000000000000e+02
8.600000000000000000e+02 1.000000000000000000e+02
8.590000000000000000e+02 1.000000000000000000e+02
8.580000000000000000e+02 1.000000000000000000e+02
8.580000000000000000e+02 1.000000000000000000e+02
8.580000000000000000e+02 1.000000000000000000e+02
8.580000000000000000e+02 1.000000000000000000e+02
8.570000000000000000e+02 9.900000000000000000e+01
8.570000000000000000e+02 9.900000000000000000e+01
8.550000000000000000e+02 1.000000000000000000e+02
8.540000000000000000e+02 1.000000000000000000e+02
8.530000000000000000e+02 1.000000000000000000e+02
8.550000000000000000e+02 1.000000000000000000e+02
8.520000000000000000e+02 1.000000000000000000e+02
8.520000000000000000e+02 1.000000000000000000e+02
8.520000000000000000e+02 1.000000000000000000e+02
8.520000000000000000e+02 1.000000000000000000e+02
8.520000000000000000e+02 1.000000000000000000e+02
8.520000000000000000e+02 1.000000000000000000e+02
8.510000000000000000e+02 1.000000000000000000e+02
8.510000000000000000e+02 1.000000000000000000e+02
8.510000000000000000e+02 1.000000000000000000e+02
8.500000000000000000e+02 1.000000000000000000e+02
8.500000000000000000e+02 1.000000000000000000e+02
8.500000000000000000e+02 1.000000000000000000e+02
8.490000000000000000e+02 1.000000000000000000e+02
8.490000000000000000e+02 1.000000000000000000e+02
8.480000000000000000e+02 9.900000000000000000e+01
8.480000000000000000e+02 9.900000000000000000e+01
8.470000000000000000e+02 9.900000000000000000e+01
8.480000000000000000e+02 9.900000000000000000e+01
8.470000000000000000e+02 9.900000000000000000e+01
8.470000000000000000e+02 9.900000000000000000e+01
8.470000000000000000e+02 9.900000000000000000e+01
8.460000000000000000e+02 9.900000000000000000e+01
8.460000000000000000e+02 9.900000000000000000e+01
8.460000000000000000e+02 9.900000000000000000e+01
8.460000000000000000e+02 9.900000000000000000e+01
8.460000000000000000e+02 9.800000000000000000e+01
8.460000000000000000e+02 9.800000000000000000e+01
8.460000000000000000e+02 9.800000000000000000e+01
8.460000000000000000e+02 9.700000000000000000e+01
8.460000000000000000e+02 9.700000000000000000e+01
8.460000000000000000e+02 9.700000000000000000e+01
8.460000000000000000e+02 9.600000000000000000e+01
8.460000000000000000e+02 9.600000000000000000e+01
8.460000000000000000e+02 9.700000000000000000e+01
8.460000000000000000e+02 9.700000000000000000e+01
8.460000000000000000e+02 9.700000000000000000e+01
8.460000000000000000e+02 9.700000000000000000e+01
8.460000000000000000e+02 9.700000000000000000e+01
8.460000000000000000e+02 9.600000000000000000e+01
8.460000000000000000e+02 9.600000000000000000e+01
8.470000000000000000e+02 9.600000000000000000e+01
8.470000000000000000e+02 9.600000000000000000e+01
8.470000000000000000e+02 9.600000000000000000e+01
8.480000000000000000e+02 9.500000000000000000e+01
8.480000000000000000e+02 9.500000000000000000e+01
8.480000000000000000e+02 9.400000000000000000e+01
8.480000000000000000e+02 9.400000000000000000e+01
8.480000000000000000e+02 9.400000000000000000e+01
8.490000000000000000e+02 9.400000000000000000e+01
8.490000000000000000e+02 9.400000000000000000e+01
8.490000000000000000e+02 9.500000000000000000e+01
8.490000000000000000e+02 9.500000000000000000e+01
8.500000000000000000e+02 9.500000000000000000e+01
8.500000000000000000e+02 9.400000000000000000e+01
8.510000000000000000e+02 9.400000000000000000e+01
8.510000000000000000e+02 9.400000000000000000e+01
8.510000000000000000e+02 9.400000000000000000e+01
8.510000000000000000e+02 9.400000000000000000e+01
8.510000000000000000e+02 9.300000000000000000e+01
8.510000000000000000e+02 9.300000000000000000e+01
8.520000000000000000e+02 9.200000000000000000e+01
8.520000000000000000e+02 9.200000000000000000e+01
8.530000000000000000e+02 9.200000000000000000e+01
8.530000000000000000e+02 9.200000000000000000e+01
8.530000000000000000e+02 9.200000000000000000e+01
8.530000000000000000e+02 9.300000000000000000e+01
8.530000000000000000e+02 9.300000000000000000e+01
8.530000000000000000e+02 9.300000000000000000e+01
8.540000000000000000e+02 9.300000000000000000e+01
8.540000000000000000e+02 9.300000000000000000e+01
8.540000000000000000e+02 9.500000000000000000e+01
8.540000000000000000e+02 9.200000000000000000e+01
8.540000000000000000e+02 9.200000000000000000e+01
8.550000000000000000e+02 9.200000000000000000e+01
8.550000000000000000e+02 9.100000000000000000e+01
8.550000000000000000e+02 9.100000000000000000e+01
8.550000000000000000e+02 9.100000000000000000e+01
8.550000000000000000e+02 9.100000000000000000e+01
8.550000000000000000e+02 9.100000000000000000e+01
8.550000000000000000e+02 9.100000000000000000e+01
8.550000000000000000e+02 9.100000000000000000e+01
8.550000000000000000e+02 9.100000000000000000e+01
8.550000000000000000e+02 9.100000000000000000e+01
8.550000000000000000e+02 9.100000000000000000e+01
8.550000000000000000e+02 9.100000000000000000e+01
8.550000000000000000e+02 9.100000000000000000e+01
8.550000000000000000e+02 9.100000000000000000e+01
8.540000000000000000e+02 9.100000000000000000e+01
8.540000000000000000e+02 9.100000000000000000e+01
8.540000000000000000e+02 9.100000000000000000e+01
8.540000000000000000e+02 9.100000000000000000e+01
8.530000000000000000e+02 9.100000000000000000e+01
8.530000000000000000e+02 9.000000000000000000e+01
8.530000000000000000e+02 9.000000000000000000e+01
8.530000000000000000e+02 9.000000000000000000e+01
8.530000000000000000e+02 9.000000000000000000e+01
8.530000000000000000e+02 9.000000000000000000e+01
8.530000000000000000e+02 9.000000000000000000e+01
8.530000000000000000e+02 9.000000000000000000e+01
8.530000000000000000e+02 9.000000000000000000e+01
8.530000000000000000e+02 9.000000000000000000e+01
8.520000000000000000e+02 9.000000000000000000e+01
8.520000000000000000e+02 8.900000000000000000e+01
8.520000000000000000e+02 8.900000000000000000e+01
8.520000000000000000e+02 8.900000000000000000e+01
8.520000000000000000e+02 8.800000000000000000e+01
8.520000000000000000e+02 8.800000000000000000e+01
8.530000000000000000e+02 8.800000000000000000e+01
8.520000000000000000e+02 8.800000000000000000e+01
8.520000000000000000e+02 8.800000000000000000e+01
8.520000000000000000e+02 8.800000000000000000e+01
8.520000000000000000e+02 8.800000000000000000e+01
8.520000000000000000e+02 8.800000000000000000e+01
8.520000000000000000e+02 8.800000000000000000e+01
8.520000000000000000e+02 8.800000000000000000e+01
8.520000000000000000e+02 8.700000000000000000e+01
8.530000000000000000e+02 8.700000000000000000e+01
8.530000000000000000e+02 8.700000000000000000e+01
8.540000000000000000e+02 8.600000000000000000e+01
8.540000000000000000e+02 8.600000000000000000e+01
8.540000000000000000e+02 8.600000000000000000e+01
8.540000000000000000e+02 8.500000000000000000e+01
8.540000000000000000e+02 8.500000000000000000e+01
8.540000000000000000e+02 8.400000000000000000e+01
8.540000000000000000e+02 8.400000000000000000e+01
8.540000000000000000e+02 8.400000000000000000e+01
8.540000000000000000e+02 8.400000000000000000e+01
8.540000000000000000e+02 8.400000000000000000e+01
8.550000000000000000e+02 8.400000000000000000e+01
8.550000000000000000e+02 8.300000000000000000e+01
8.550000000000000000e+02 8.300000000000000000e+01
8.550000000000000000e+02 8.200000000000000000e+01
8.560000000000000000e+02 8.200000000000000000e+01
8.560000000000000000e+02 8.200000000000000000e+01
8.560000000000000000e+02 8.200000000000000000e+01
8.560000000000000000e+02 8.100000000000000000e+01
8.560000000000000000e+02 8.100000000000000000e+01
8.570000000000000000e+02 8.000000000000000000e+01
8.570000000000000000e+02 8.000000000000000000e+01
8.570000000000000000e+02 8.000000000000000000e+01
8.570000000000000000e+02 7.900000000000000000e+01
8.470000000000000000e+02 5.300000000000000000e+01
8.470000000000000000e+02 5.300000000000000000e+01
8.470000000000000000e+02 5.300000000000000000e+01
8.510000000000000000e+02 5.300000000000000000e+01
8.500000000000000000e+02 5.300000000000000000e+01
8.490000000000000000e+02 5.300000000000000000e+01
8.490000000000000000e+02 5.300000000000000000e+01
8.480000000000000000e+02 5.300000000000000000e+01
8.450000000000000000e+02 5.300000000000000000e+01
8.450000000000000000e+02 5.300000000000000000e+01
8.440000000000000000e+02 5.300000000000000000e+01
8.430000000000000000e+02 5.300000000000000000e+01
8.420000000000000000e+02 5.300000000000000000e+01
8.420000000000000000e+02 5.300000000000000000e+01
8.440000000000000000e+02 5.300000000000000000e+01
8.400000000000000000e+02 5.300000000000000000e+01
8.430000000000000000e+02 5.300000000000000000e+01
8.420000000000000000e+02 5.300000000000000000e+01
8.390000000000000000e+02 5.300000000000000000e+01
8.390000000000000000e+02 5.300000000000000000e+01
8.390000000000000000e+02 5.300000000000000000e+01
8.380000000000000000e+02 5.300000000000000000e+01
8.410000000000000000e+02 5.300000000000000000e+01
8.610000000000000000e+02 7.200000000000000000e+01
8.610000000000000000e+02 7.200000000000000000e+01
8.670000000000000000e+02 8.300000000000000000e+01
8.670000000000000000e+02 8.300000000000000000e+01
8.610000000000000000e+02 7.200000000000000000e+01
8.620000000000000000e+02 7.200000000000000000e+01
8.670000000000000000e+02 8.300000000000000000e+01
8.620000000000000000e+02 7.100000000000000000e+01
8.670000000000000000e+02 8.200000000000000000e+01
8.620000000000000000e+02 7.000000000000000000e+01
8.660000000000000000e+02 8.200000000000000000e+01
8.660000000000000000e+02 8.200000000000000000e+01
8.660000000000000000e+02 8.200000000000000000e+01
8.660000000000000000e+02 8.200000000000000000e+01
8.620000000000000000e+02 7.000000000000000000e+01
8.620000000000000000e+02 7.000000000000000000e+01
8.630000000000000000e+02 6.900000000000000000e+01
8.630000000000000000e+02 6.900000000000000000e+01
8.630000000000000000e+02 6.800000000000000000e+01
8.630000000000000000e+02 6.800000000000000000e+01
8.630000000000000000e+02 6.800000000000000000e+01
8.630000000000000000e+02 6.800000000000000000e+01
8.630000000000000000e+02 6.800000000000000000e+01
8.630000000000000000e+02 6.800000000000000000e+01
8.630000000000000000e+02 6.700000000000000000e+01
8.630000000000000000e+02 6.700000000000000000e+01
8.630000000000000000e+02 6.700000000000000000e+01
8.620000000000000000e+02 6.600000000000000000e+01
8.620000000000000000e+02 6.600000000000000000e+01
8.610000000000000000e+02 6.600000000000000000e+01
8.610000000000000000e+02 6.700000000000000000e+01
8.600000000000000000e+02 6.700000000000000000e+01
8.600000000000000000e+02 6.700000000000000000e+01
8.590000000000000000e+02 6.700000000000000000e+01
8.580000000000000000e+02 6.700000000000000000e+01
8.580000000000000000e+02 6.700000000000000000e+01
8.570000000000000000e+02 6.700000000000000000e+01
8.570000000000000000e+02 7.900000000000000000e+01
8.560000000000000000e+02 7.800000000000000000e+01
8.560000000000000000e+02 7.800000000000000000e+01
8.550000000000000000e+02 7.800000000000000000e+01
8.540000000000000000e+02 7.800000000000000000e+01
8.530000000000000000e+02 7.800000000000000000e+01
8.520000000000000000e+02 7.700000000000000000e+01
8.520000000000000000e+02 7.700000000000000000e+01
8.510000000000000000e+02 7.700000000000000000e+01
8.500000000000000000e+02 7.700000000000000000e+01
8.490000000000000000e+02 7.700000000000000000e+01
8.480000000000000000e+02 7.700000000000000000e+01
8.470000000000000000e+02 7.700000000000000000e+01
8.460000000000000000e+02 7.700000000000000000e+01
8.460000000000000000e+02 7.500000000000000000e+01
8.450000000000000000e+02 7.600000000000000000e+01
8.450000000000000000e+02 7.400000000000000000e+01
8.440000000000000000e+02 7.600000000000000000e+01
8.430000000000000000e+02 7.500000000000000000e+01
8.420000000000000000e+02 7.500000000000000000e+01
8.410000000000000000e+02 7.500000000000000000e+01
8.400000000000000000e+02 7.500000000000000000e+01
8.400000000000000000e+02 7.500000000000000000e+01
8.390000000000000000e+02 7.500000000000000000e+01
8.390000000000000000e+02 7.500000000000000000e+01
8.390000000000000000e+02 7.400000000000000000e+01
8.390000000000000000e+02 7.400000000000000000e+01
8.390000000000000000e+02 7.400000000000000000e+01
8.380000000000000000e+02 7.400000000000000000e+01
8.380000000000000000e+02 7.300000000000000000e+01
8.380000000000000000e+02 7.300000000000000000e+01
8.380000000000000000e+02 7.300000000000000000e+01
8.380000000000000000e+02 7.200000000000000000e+01
8.380000000000000000e+02 7.200000000000000000e+01
8.370000000000000000e+02 7.200000000000000000e+01
8.380000000000000000e+02 7.200000000000000000e+01
8.380000000000000000e+02 7.100000000000000000e+01
8.380000000000000000e+02 7.100000000000000000e+01
8.380000000000000000e+02 7.100000000000000000e+01
8.380000000000000000e+02 7.000000000000000000e+01
8.380000000000000000e+02 7.000000000000000000e+01
8.380000000000000000e+02 7.000000000000000000e+01
8.390000000000000000e+02 6.000000000000000000e+01
8.390000000000000000e+02 6.000000000000000000e+01
8.390000000000000000e+02 6.000000000000000000e+01
8.390000000000000000e+02 6.000000000000000000e+01
8.400000000000000000e+02 6.000000000000000000e+01
8.400000000000000000e+02 5.900000000000000000e+01
8.410000000000000000e+02 5.900000000000000000e+01
8.410000000000000000e+02 5.900000000000000000e+01
8.420000000000000000e+02 5.900000000000000000e+01
8.430000000000000000e+02 5.900000000000000000e+01
8.430000000000000000e+02 5.900000000000000000e+01
8.430000000000000000e+02 5.900000000000000000e+01
8.430000000000000000e+02 6.200000000000000000e+01
8.440000000000000000e+02 6.200000000000000000e+01
8.440000000000000000e+02 6.200000000000000000e+01
8.450000000000000000e+02 6.200000000000000000e+01
8.450000000000000000e+02 6.100000000000000000e+01
8.460000000000000000e+02 6.100000000000000000e+01
8.460000000000000000e+02 6.100000000000000000e+01
8.460000000000000000e+02 6.100000000000000000e+01
8.470000000000000000e+02 6.100000000000000000e+01
8.460000000000000000e+02 6.100000000000000000e+01
8.470000000000000000e+02 6.100000000000000000e+01
8.470000000000000000e+02 6.000000000000000000e+01
8.530000000000000000e+02 6.700000000000000000e+01
8.540000000000000000e+02 6.700000000000000000e+01
8.550000000000000000e+02 6.700000000000000000e+01
8.560000000000000000e+02 6.700000000000000000e+01
8.500000000000000000e+02 6.000000000000000000e+01
8.570000000000000000e+02 6.600000000000000000e+01
8.500000000000000000e+02 6.000000000000000000e+01
8.510000000000000000e+02 6.000000000000000000e+01
8.510000000000000000e+02 6.000000000000000000e+01
8.510000000000000000e+02 6.000000000000000000e+01
8.520000000000000000e+02 6.000000000000000000e+01
8.520000000000000000e+02 6.000000000000000000e+01
8.530000000000000000e+02 6.000000000000000000e+01
8.540000000000000000e+02 6.000000000000000000e+01
8.550000000000000000e+02 6.100000000000000000e+01
8.550000000000000000e+02 6.100000000000000000e+01
8.560000000000000000e+02 6.100000000000000000e+01
8.570000000000000000e+02 6.300000000000000000e+01
8.570000000000000000e+02 6.300000000000000000e+01
8.580000000000000000e+02 6.000000000000000000e+01
8.580000000000000000e+02 6.000000000000000000e+01
8.580000000000000000e+02 6.200000000000000000e+01
8.590000000000000000e+02 6.200000000000000000e+01
8.600000000000000000e+02 6.400000000000000000e+01
8.600000000000000000e+02 6.300000000000000000e+01
8.610000000000000000e+02 6.300000000000000000e+01
8.620000000000000000e+02 6.400000000000000000e+01
8.620000000000000000e+02 6.300000000000000000e+01
8.630000000000000000e+02 6.400000000000000000e+01
8.640000000000000000e+02 6.300000000000000000e+01
8.640000000000000000e+02 6.300000000000000000e+01
8.650000000000000000e+02 6.300000000000000000e+01
8.650000000000000000e+02 6.300000000000000000e+01
8.660000000000000000e+02 6.500000000000000000e+01
8.660000000000000000e+02 6.200000000000000000e+01
8.670000000000000000e+02 6.200000000000000000e+01
8.670000000000000000e+02 6.200000000000000000e+01
8.670000000000000000e+02 6.200000000000000000e+01
8.680000000000000000e+02 6.200000000000000000e+01
8.690000000000000000e+02 6.200000000000000000e+01
8.700000000000000000e+02 6.600000000000000000e+01
8.700000000000000000e+02 6.400000000000000000e+01
8.700000000000000000e+02 6.400000000000000000e+01
8.710000000000000000e+02 6.400000000000000000e+01
8.710000000000000000e+02 6.400000000000000000e+01
8.710000000000000000e+02 6.400000000000000000e+01
8.720000000000000000e+02 6.600000000000000000e+01
8.720000000000000000e+02 6.500000000000000000e+01
8.730000000000000000e+02 6.500000000000000000e+01
8.730000000000000000e+02 6.500000000000000000e+01
8.730000000000000000e+02 6.500000000000000000e+01
8.740000000000000000e+02 6.500000000000000000e+01
8.750000000000000000e+02 6.500000000000000000e+01
8.760000000000000000e+02 6.900000000000000000e+01
8.760000000000000000e+02 6.500000000000000000e+01
8.770000000000000000e+02 7.100000000000000000e+01
8.750000000000000000e+02 6.600000000000000000e+01
8.750000000000000000e+02 6.500000000000000000e+01
8.750000000000000000e+02 6.700000000000000000e+01
8.760000000000000000e+02 6.700000000000000000e+01
8.760000000000000000e+02 6.700000000000000000e+01
8.780000000000000000e+02 6.700000000000000000e+01
8.770000000000000000e+02 6.700000000000000000e+01
8.780000000000000000e+02 6.700000000000000000e+01
8.780000000000000000e+02 6.700000000000000000e+01
8.790000000000000000e+02 6.700000000000000000e+01
8.800000000000000000e+02 6.700000000000000000e+01
8.810000000000000000e+02 6.700000000000000000e+01
8.820000000000000000e+02 6.900000000000000000e+01
8.820000000000000000e+02 6.700000000000000000e+01
8.830000000000000000e+02 6.700000000000000000e+01
8.840000000000000000e+02 6.700000000000000000e+01
8.850000000000000000e+02 6.900000000000000000e+01
8.850000000000000000e+02 6.700000000000000000e+01
8.860000000000000000e+02 6.900000000000000000e+01
8.870000000000000000e+02 6.700000000000000000e+01
8.880000000000000000e+02 6.600000000000000000e+01
8.880000000000000000e+02 6.700000000000000000e+01
8.890000000000000000e+02 6.900000000000000000e+01
8.890000000000000000e+02 6.900000000000000000e+01
8.900000000000000000e+02 6.900000000000000000e+01
8.910000000000000000e+02 6.900000000000000000e+01
8.920000000000000000e+02 6.900000000000000000e+01
8.930000000000000000e+02 6.700000000000000000e+01
8.940000000000000000e+02 6.700000000000000000e+01
8.950000000000000000e+02 6.500000000000000000e+01
8.950000000000000000e+02 6.500000000000000000e+01
8.960000000000000000e+02 6.800000000000000000e+01
